81387
67701
71180
86823
32033
59796
40298
32408
53523
1780
83565
5633
1716
84372
55579
57871
43881
22025
69282
8407
18753
18573
89079
39580
73889
15912
22250
10033
74328
62644
28938
72067
30344
117
58889
78728
76264
99187
11135
46139
17318
94700
51771
35385
95423
23701
9608
39303
62078
95241
47709
80830
13814
53139
20409
4054
85403
59011
14086
76082
21654
43023
48148
68349
59492
7037
47076
52107
22575
74563
14597
56244
85614
66368
7980
81036
6420
17587
20338
68497
29180
84398
65678
59345
53888
86087
63398
39290
61449
93835
15372
83102
36858
63519
67802
12701
86907
14877
81159
9481
89439
95756
65724
75052
78475
90056
56087
84894
7642
92776
69743
53173
93525
35420
12517
47413
37858
75914
86702
99306
69749
18425
98759
22958
98296
82912
52010
85202
97789
33168
11035
3579
28923
93110
78631
7397
83165
51069
8643
90807
60197
78385
60331
70073
13804
72848
17485
68014
48761
20539
83671
34861
55315
82430
57818
53610
65341
9827
38812
79481
59347
49846
83060
88269
42955
78042
12018
26120
45462
20660
33278
5658
99044
93608
75731
29199
66455
9567
13564
31568
46457
97235
82780
1772
96016
40598
55381
77708
66776
94192
57189
42474
60389
56600
30743
19696
34641
59112
45815
96454
79771
95444
18464
95166
5403
94194
40716
88210
20112
54280
19777
66569
51514
2556
84692
47529
59505
40072
25236
42633
50616
98776
85106
11004
55375
32200
30699
6367
91311
92865
2821
87433
4660
21284
98950
10063
31829
56018
98272
51940
10297
34400
34860
78162
53307
19551
42042
29164
59623
67277
88148
26590
82405
89605
53945
37779
21805
996
44146
29467
93860
46966
33252
14872
84601
48553
24934
16429
4570
39557
84720
14866
90308
19580
9379
59966
55482
51420
5481
31456
35049
93628
58045
17453
83233
11990
55231
21389
12985
15728
67207
23196
79045
16810
38067
63645
65363
79352
96425
69932
35260
81145
1150
41919
17076
10528
1885
72557
78300
23717
4013
13348
17345
78409
30800
16929
90398
2382
54669
19734
18110
38227
59282
13506
55037
13700
77151
36751
93052
73575
23034
44663
71071
24183
86582
88146
51063
4818
60703
29362
28534
81067
42709
62230
59475
89860
95510
66225
92241
50178
85958
10350
88405
45239
23856
59793
58939
17358
96543
68342
7284
19576
29356
78355
60111
32289
82852
11173
37106
43554
56886
81992
40972
15946
60573
447
5805
56083
66671
98045
22612
68980
24747
27368
30571
64954
87160
5861
82311
54
74202
5946
35982
19909
652
96092
52198
83504
23616
89303
43409
96853
87646
84381
12798
64571
1179
18602
20653
84201
32998
43264
53180
57744
70632
102
39049
74143
5962
37711
90549
96515
43657
26530
16424
60660
38973
68621
60515
62588
74275
3924
75792
78273
4656
88589
42843
22186
23542
63495
6386
72891
23110
75917
30635
10093
76019
86035
588
98332
23746
91136
94847
83754
17665
11270
44413
56637
96242
4928
35576
70516
25203
11367
48788
29858
16307
7982
68395
39848
71476
74780
12738
10938
67048
59724
21030
59418
45759
37969
57750
85856
29104
68948
69609
46768
80217
30373
19756
92810
35300
55331
79677
60502
83049
44817
6711
99355
52798
75105
39202
40626
66236
68292
51563
49636
44367
88944
9053
6477
26913
83154
92332
56016
52101
78292
19136
48669
8665
38891
41478
60316
10574
21155
20818
93622
65971
43880
92977
35120
35337
48530
75745
17924
33173
27307
83911
77540
16251
92964
368
59515
92469
9052
15530
44570
87343
51017
93238
12359
89908
51068
72675
16833
88574
9844
10454
70896
53723
3430
6015
5411
68312
81760
23335
1484
25418
7245
95375
58020
16560
95743
17534
9029
4794
49416
69950
92136
432
63187
20847
6691
30606
93521
23523
19179
3364
50329
90074
57086
70110
12441
78849
38421
94200
2183
39905
19617
25779
35279
77637
58691
47373
11522
84071
52166
60937
54020
60654
77721
33558
81500
763
64164
75020
40638
83342
94735
90966
89768
68172
77427
2208
47020
15848
12759
65554
72104
48727
7685
23734
26363
66375
71107
54237
50445
39624
31525
4464
277
9245
38021
98128
26360
18536
89499
66997
1878
84233
74314
7997
52405
51740
26556
15776
67587
39314
81330
56042
88040
89014
79776
30755
55388
67234
84991
22184
6857
16515
26647
23486
42112
81019
21613
68471
99555
11112
35467
17784
11696
26132
42132
80452
77871
68687
96228
61810
8000
77557
17851
96039
82922
97626
26793
38309
64859
28135
76844
88068
44650
19842
11553
3113
860
33165
71583
16766
60628
23401
34549
88676
49532
76680
69127
43754
45366
81706
5563
69717
59262
23414
65756
42183
37391
8900
96843
18602
37035
90038
6669
98036
9879
34573
1148
10739
84089
89082
27504
61069
12482
78405
49744
78365
71436
35222
22118
33154
16928
27681
2870
92541
67446
84977
51076
21188
93877
64270
39789
47263
54308
62809
61650
64186
97381
79149
91276
81470
68230
35132
58890
97063
13536
8633
91779
1323
60206
13896
34476
77133
57928
37346
69674
41725
22322
20749
62913
32550
85018
19053
96164
55677
81862
57813
19863
95594
36961
27490
93415
21542
62621
52304
34956
92508
60936
26734
93831
21142
56982
28306
14626
31261
82003
84299
72986
20677
21399
52250
53226
22769
71302
49390
78445
53163
23554
14659
65109
60515
42149
58523
98408
21121
10827
33364
13629
71762
76449
7459
9255
49782
52116
40233
97395
34119
40883
70380
71147
62282
38981
40724
1402
10282
90113
96198
79797
30019
27209
44905
90533
85709
3427
5292
6829
14253
55007
20457
2367
47808
27915
27973
97589
96383
68205
94983
30501
9088
81714
17999
87721
20694
58722
89122
47328
48835
1671
27124
95205
28879
88380
2089
14587
91806
7380
21416
22411
62387
41872
41129
26546
86139
69101
24134
82521
37306
35469
29373
46393
33534
47371
50465
54228
6092
39586
17907
71278
57608
61382
66482
86487
49761
68570
17425
57918
92302
55192
96680
71040
13416
37808
97585
99554
6909
38070
98426
60566
73538
27798
23310
7072
91520
73774
77651
13963
13359
11909
1593
70966
73290
84426
73804
39402
69348
91229
97319
61649
62772
10351
32688
76187
48158
46624
75740
55066
84693
90517
15631
74583
34666
38940
81654
26185
12713
75656
56500
42423
87564
58092
29741
60853
42517
19896
16606
11864
27476
30276
89864
90248
40626
38903
66434
88784
85526
58526
60201
86571
49042
75832
61153
83708
31123
42806
26244
60188
34813
82743
18962
22376
40834
48702
99580
99703
68598
32537
27918
96073
62812
17782
2672
3438
73036
69106
92221
58562
27631
52421
45132
76672
44604
6284
76731
92079
65441
2975
52266
16605
85717
71227
55332
42903
36281
71263
42605
21230
3799
86874
17302
66610
21007
36326
86399
94043
5431
94971
68956
49413
63744
14087
42436
8347
36722
19167
16777
18514
22141
69042
51470
7857
56621
6801
50759
92901
78063
9715
14130
98213
96589
47783
64822
33947
84108
67573
27989
5890
62543
96944
55302
26286
27382
97738
50985
64103
16904
67761
98968
39044
53155
66789
63252
9775
73589
30363
2675
68003
40077
33156
66215
53017
97290
47389
86964
81398
14961
14952
3639
77503
28248
58941
20141
55629
73030
71125
36084
6285
55237
51403
61680
8391
18192
24931
18165
91780
55293
37191
59783
95370
86698
42349
64738
83988
89737
51701
81737
21049
83005
85375
14904
11252
60667
35044
66880
33696
22520
19315
39980
77756
70718
1659
2499
88909
42942
37015
97040
98234
74206
73174
9955
77255
15523
91045
61242
21611
42745
42978
42660
42101
44705
73915
53352
5371
25310
36584
55419
47829
72250
11750
41936
42967
29761
60786
31875
72702
97801
45267
87287
88358
18440
97242
65612
33962
4638
26854
71925
47382
86183
14584
5835
47239
4850
75538
52610
30159
12121
8028
94339
84371
19777
36274
43689
49537
97060
91916
38590
94860
37182
25877
99569
55621
39470
65180
5935
44107
8385
77859
7840
10920
8794
13674
58158
13643
89212
10767
60153
17684
35146
54491
18406
71275
90764
78447
37163
4175
70362
75753
15386
23895
17981
14954
79515
57450
96486
1801
17908
4870
79659
42099
32141
4804
72125
90299
34798
61336
17417
94950
95371
52563
49440
30129
23837
56556
8575
60999
77082
78936
53103
92468
2830
71083
23773
98696
44884
36610
497
79143
41480
96507
21242
73620
1311
93366
80270
52460
71053
97687
47410
66423
50249
96849
96551
90437
69756
5125
67787
46838
412
20890
55657
19593
91972
95781
18289
53208
32391
35137
32350
90222
47995
53591
80193
65657
46956
60463
18117
34360
58149
65526
783
24749
78726
13685
31537
64834
35162
99323
11671
35573
20212
83679
71518
28536
79459
6158
81743
11849
41294
14092
18422
89288
84035
98615
54945
47342
59077
89413
81702
33577
71290
98836
74677
50015
12520
6213
31200
47681
5535
42870
99606
42099
26548
71123
70634
22359
77280
68728
50559
34925
99171
68981
40564
83205
67595
11860
46899
43023
1272
28600
76599
72561
27435
67627
38928
39954
73839
70127
3987
95725
29349
19944
54175
72248
91066
41160
94606
84697
9887
45165
35973
25410
14145
92888
24966
98091
4748
71864
41113
22371
463
34063
94932
44249
1689
50211
555
91879
36689
20893
3955
66037
40836
58130
38285
48253
99289
49242
32949
25528
94406
85273
50937
24902
78160
75902
39344
99259
64118
80456
21630
80932
30870
32913
25181
48910
99475
42087
40788
36163
62979
44743
2200
3814
19224
56836
52066
34864
6077
1366
60391
16835
86638
27679
58088
81149
19933
97432
80408
84050
94239
18389
81333
25109
51301
6513
90370
50775
64951
31158
86937
27929
92252
5488
48094
11475
62323
159
46338
68400
1524
23081
85234
4513
50759
59673
2014
87043
57104
98773
87444
67695
17161
68777
9155
84813
75289
99524
51939
56592
30681
38875
84520
39284
60715
32614
67110
23037
49124
29800
7788
67000
52880
9373
87864
19990
69046
89877
23385
42501
88649
10828
10195
22161
79604
19349
6973
71245
35225
58911
27836
82257
14138
12355
21541
74852
61320
88650
14240
10444
34801
38380
77443
4032
47752
65306
40374
16797
71535
63758
75650
76535
74585
85844
98696
54189
21545
22020
25433
56769
80931
69620
39025
11420
98326
76917
2623
59646
81919
16862
86441
16719
55241
80235
20751
19345
45540
61124
52493
33426
41233
28142
9961
15817
30338
8656
86357
51882
30675
28141
25002
27957
97760
64026
39376
96086
40943
58350
72083
39213
75212
74875
55931
46804
55109
93033
82500
17000
70508
34993
50426
11740
63134
60386
43909
93471
85393
30265
61704
32419
74758
86705
60376
72517
67083
16103
84954
24377
74453
73388
63589
66016
48262
35871
29171
3370
28904
11671
20370
99411
46663
87147
27503
26148
47532
71411
35971
49276
18027
14026
81694
92784
731
42069
81653
84165
58172
82958
8541
32624
56346
72129
14991
20959
7999
44161
40681
53254
55831
61050
69017
18845
48196
96519
61345
12079
84281
13667
61354
18659
27692
43047
27795
44774
1468
9447
28938
75991
8756
37478
8614
81453
25958
39956
2412
50309
84116
43092
19914
39947
20493
88930
75143
85040
1800
36487
97118
2432
50153
74823
21091
77845
34221
48885
38970
35688
74683
67908
11678
83438
21737
36643
64891
64047
76598
83654
30707
60714
43097
50620
17012
63589
39550
92154
48628
57701
28641
62097
60133
78793
53271
81223
72989
87491
46459
11959
23179
21141
96218
34856
20930
34306
87851
2172
98352
64448
85825
29058
41513
28921
96030
58524
8861
35579
50678
73840
9631
79318
35936
69763
74462
5558
67337
63803
93049
13795
92113
32579
51287
88330
83786
72217
22635
71636
74388
37339
36084
60213
66396
93948
5485
78777
52472
14346
14355
3149
88185
23986
98818
40473
10100
89631
46030
77437
69785
55430
91231
61897
88008
42518
50226
71794
31086
89213
43429
5473
26551
95864
82037
9298
89812
87522
4427
42283
18219
18781
61783
22755
59118
76952
63227
69218
66582
25609
63006
36367
81038
54236
14615
85398
13105
81193
57191
44190
70405
16971
66015
13307
12835
48051
38956
18998
35572
43382
77632
70142
78515
39414
92897
53984
32717
72475
39553
15650
14435
2558
68368
95473
73146
82983
97222
2602
64175
54412
46792
50931
71382
12806
80589
568
77208
35896
19565
29132
95630
97196
99273
90496
52961
92169
44479
85677
80996
84032
1327
95430
2941
69694
7254
76086
52676
4475
78688
33202
75238
41831
84132
46620
70988
81072
47187
48195
16968
83104
77326
12597
80299
92951
3092
33260
1471
63922
18936
82466
64305
36614
77896
67246
22660
1501
59683
91687
5976
54722
24889
81213
96552
25372
44184
83891
6444
91371
48438
39763
74474
25763
68711
71124
18713
71802
4383
36536
52075
39671
19001
16380
92636
13248
99977
15295
14749
59659
6982
37076
30733
31870
18288
43636
73593
62472
27527
80036
70194
75964
36150
61019
18078
4860
32142
53143
93013
52877
89678
45088
8899
8678
77819
17886
38278
77795
33181
53026
37453
40162
90101
84537
88383
24740
28173
78327
3563
55699
58363
73756
48014
10864
51126
66091
15724
99620
19233
8736
68848
8910
70175
94098
33940
47993
11983
72217
25787
45163
41594
79592
1676
48046
64128
6410
72785
8652
84737
76348
64350
59451
66455
12363
70314
17581
94806
2389
33552
14038
27477
2399
39300
97651
96496
89591
61996
24830
78159
4134
69993
36104
77
88020
84149
80557
94430
56933
89208
95518
49632
53558
54968
16087
82272
41633
50019
93429
44022
99922
23819
71498
18672
63118
85500
31519
69060
47495
56348
63570
67981
42692
99673
68057
30712
83821
48613
41493
57105
54173
37010
6737
7730
91977
39175
6353
49961
89193
99782
93982
89114
23600
81831
7785
3069
67331
39303
88480
31177
12002
52049
99157
54694
51721
83566
85405
35541
32178
26897
92645
86350
80258
15733
10431
88586
54907
33136
38546
60451
49269
32528
49564
89220
14358
73700
8640
98040
29354
97119
29217
41356
49167
44725
12401
17239
28290
97805
69131
60468
41053
78127
63169
21310
93860
89952
26247
48766
39439
64792
9217
88707
97319
75132
77926
28029
65184
2917
26068
10889
35
71636
68596
65553
16361
80996
82791
44650
95152
51921
21469
36204
46399
990
73865
40258
90941
111
5376
30379
64903
30944
35437
78573
22427
29714
22953
87610
32630
65373
98499
32664
37008
67094
14568
69720
64442
97358
14370
59593
65630
52190
95797
12028
53179
86013
68638
44119
2476
90365
90849
83730
21308
26285
62302
43734
55998
1607
31344
88627
66979
46194
37642
20338
29639
52209
90058
94080
65918
4427
53673
47899
56616
65821
76279
26147
51833
44916
70265
54308
35280
77466
38037
72939
3750
16691
16672
76100
34649
64367
64726
1627
26912
18720
21964
56551
70928
12021
66982
53198
32799
20654
1096
5767
2826
77374
31913
54659
22289
18529
25318
73920
95994
79707
46858
99744
12749
79882
75843
47397
44248
56920
65375
87512
91991
87338
44062
62919
15711
27395
16116
48509
64401
17211
70627
67226
94585
2539
38236
33225
21068
79906
23497
17061
59612
70354
33156
88712
66587
25350
52460
27187
98622
17834
14698
90612
5171
75111
53530
37233
2505
85997
2094
66905
19560
72720
50483
30496
75259
88718
80072
12678
68623
3568
46090
44586
90274
79246
49649
56860
4595
2108
398
3216
19941
15095
10180
41464
90205
80061
78696
9062
66058
97141
92318
1969
69861
42800
32464
61471
47870
28887
74148
32844
32455
20237
77430
39080
15834
43430
95939
36781
45538
12689
56348
65478
27783
66527
23293
34340
46588
18341
59753
12645
15481
52070
30965
85341
11222
79780
46811
59091
8666
37310
91934
57472
73899
85715
96551
89732
29145
8842
26512
74682
21530
99212
56511
49312
65738
96156
3
12325
14496
59755
41321
29976
11825
72285
15317
39398
52064
78479
98488
77082
32141
90421
34553
6039
92488
31104
12122
21632
39945
54986
12665
77826
54197
85527
27137
19934
81682
43492
48611
96177
3246
89931
42505
31422
78568
57821
70819
46983
52651
69306
24064
1143
76079
74969
23533
84918
22424
35655
6549
78720
6992
35565
56545
77540
37443
33
13825
19125
43524
62435
31653
63122
68718
74157
94543
63637
48329
65362
10619
17332
51019
51035
18474
43449
42355
42007
28366
64778
94013
51266
43497
1004
3182
41
94895
40625
73
8719
59749
59949
71154
7753
23070
56223
98262
17612
19859
62942
99325
30477
80273
66696
97863
15099
26496
40217
73457
54862
21346
67469
22479
64842
84824
25661
64882
79718
66285
81307
88436
42385
41255
75941
66489
64324
32163
64750
98287
52021
44044
13964
98850
40668
80659
13064
55766
7154
69633
29222
78367
90978
13042
846
55820
14217
42858
37053
93934
9142
18359
98722
67878
75965
74662
34366
56640
23177
15468
71279
91549
59511
85242
90398
178
65900
3462
72296
89405
73094
1517
67772
80423
30911
68617
36242
45127
11474
89647
55413
36967
8005
54134
4844
322
45147
55561
73313
68323
71028
44591
59872
30538
29832
66621
47068
95731
86434
19363
85136
75879
37231
69259
56302
68141
37875
8895
13268
65700
98541
85032
19018
22898
39165
40213
23219
663
95773
96531
85338
83153
57474
45209
13690
87305
28181
77109
99388
30967
96471
84523
6845
33702
70133
79498
18194
24359
88393
47813
90058
86933
32844
25427
9830
72008
65639
49400
72671
77763
62283
58008
60915
19756
19568
90957
23412
64100
68065
22799
95066
80888
23673
1911
14589
93805
81408
32782
18163
86152
80595
24572
73085
13438
49998
99266
1798
31988
65018
90820
9751
43652
65179
87017
79759
84746
77973
3170
65197
62390
25969
60263
43277
49641
78525
57865
43446
59932
6998
77960
62436
3944
2532
35520
33734
52529
51137
35531
869
16154
42702
26971
59805
7880
13987
39563
92625
8312
59085
57821
70701
85053
34435
13977
51045
12959
88193
10842
89243
95190
88802
51678
15486
91333
3549
49219
60213
54685
1101
77433
87191
43802
4403
46995
51681
18390
2910
60657
26701
61994
34829
97401
63398
69264
27729
14442
98574
15921
41636
87816
27462
30437
55845
42947
38121
59393
92165
14685
14078
9617
92118
1268
53418
96520
64614
5098
31261
83875
82106
57961
62220
16935
71713
25617
86198
99441
56411
84771
31713
98046
88939
59175
44834
44783
18473
82954
4176
26990
97638
34605
36606
89755
35872
90024
2627
16837
11473
33887
712
93579
8200
62931
26865
79912
4900
13062
95705
77662
14184
27417
75707
19474
2943
36892
64257
21416
19845
84784
64757
17482
19388
1362
23589
71611
7737
26215
88447
35562
76453
5510
45492
84652
84793
72356
80916
6044
1769
76620
83705
15952
20388
75763
51778
39683
12654
16034
77450
48850
17169
42206
82683
36556
59919
6271
24518
67656
48837
29316
19569
41642
51178
65060
26293
35970
37415
7208
58365
39183
179
58421
71486
20567
34183
23263
76601
63188
55648
54050
12037
72816
96255
11071
25723
72525
33694
50240
40180
98882
95908
76100
40523
47085
41159
66816
99406
78573
90375
57770
34107
6906
32542
21945
43824
83076
45207
20424
46263
17207
74473
74651
90022
87079
85721
32097
59603
35766
98688
16135
34648
94595
92234
75170
58031
33393
58337
57436
28317
65064
31557
78776
71969
64098
720
15792
47173
62278
36215
9787
95836
27039
84437
2210
14117
86510
34306
90071
22275
32993
6205
73274
43940
14791
48444
1970
64535
6780
75758
9203
71843
7314
87978
60163
87764
5049
75954
34936
83679
12168
61075
79514
55558
61863
81723
69674
48372
16028
76097
86999
65373
82301
60272
25664
13443
25067
43985
77977
48199
19742
87180
20041
43408
91509
80204
31171
96558
72509
82458
80236
1029
59884
76101
56586
21747
57824
42612
86470
73851
18708
73468
55575
17360
50092
81238
30803
91510
25223
8779
39708
61316
12310
76101
21075
3819
56304
68597
16728
45164
67407
13315
46192
27290
89415
2778
49036
47238
45389
35506
37441
64096
25325
93015
97807
91768
90605
28609
83278
32179
53740
22985
9846
66049
99085
30921
69867
71740
99517
2946
16904
66923
16260
79447
94213
5675
82224
43248
52912
43964
78753
90352
24411
20430
99719
22218
12197
6675
67178
95474
38853
20917
34811
48698
86966
50247
79618
73184
21987
95487
76130
55242
62409
92389
34688
56621
98063
33264
16221
67327
93579
11325
74030
17990
31754
73748
56559
60303
80422
23736
72128
35626
44653
6938
676
47970
57185
96645
21153
95523
92131
13634
50764
54540
6023
1803
27512
20437
51418
60084
87763
44997
71409
61793
62986
19514
51892
35896
96168
48666
59631
68296
84291
20635
91585
1318
68604
65121
97963
6109
60643
90093
36094
27758
60984
58468
45913
4848
78905
97330
64931
83019
42326
52691
61163
21663
88557
29407
57558
84724
78072
33541
53019
78714
54175
60956
80032
39131
26076
77994
61591
3071
68086
97684
47180
45422
56152
93092
50269
51408
6774
31551
50778
49099
84242
11941
70762
89150
41347
44671
73873
19418
78211
43244
14483
48738
20551
94514
87868
46626
72507
65810
66048
56945
63493
13228
18718
35996
22671
68986
3755
29444
16888
54533
94895
17481
66473
82008
6630
24171
43030
96855
59940
21241
40098
74422
86330
60648
68936
90549
23625
57794
56358
6025
31090
36202
35604
49807
88550
58274
35144
92304
4070
52032
46836
15316
85864
13308
13675
92494
53830
56704
5700
13769
94296
45797
88191
80625
22796
73478
71173
62772
47623
27530
85148
78713
80084
20751
44871
68633
95377
96367
60936
99446
64750
24124
31113
50613
53783
44787
59458
7613
17842
65157
21381
12138
27305
25923
92762
50100
15752
63935
29224
63375
7816
14371
58439
87899
35122
3309
72883
30498
99675
50171
46295
64424
74294
93759
31389
28076
54897
90846
35688
72738
56003
73421
84875
83307
15695
77637
49759
31447
57923
78982
94821
82090
9704
53259
69989
61177
72919
59223
8026
88946
9393
70672
69721
38
64430
1109
28114
35678
91955
80153
8416
47957
69925
93290
31263
85620
87278
97373
17066
61552
92706
28238
43642
2410
81496
29982
79938
70766
89204
87964
59711
14949
74987
29432
14986
55769
46892
59451
91446
38846
55956
16213
3154
25880
25855
50769
11499
13132
48141
44916
74684
40847
73153
34677
59608
71000
64658
55897
41766
70213
43860
17828
85161
35199
63611
16499
90967
10503
92301
98764
65700
48256
14977
68854
90488
40831
19622
18338
70314
67762
63254
61349
24960
52758
96025
919
23758
60682
56816
81875
30895
17027
16054
32407
52225
96017
48905
59543
22871
57558
58307
88570
5813
89635
57423
12652
30465
93396
30990
17130
77510
10595
78479
2469
63352
90855
3388
3461
67889
60203
85335
98783
93581
17741
47541
45806
13757
12798
5348
36627
70355
80006
41548
92519
85992
15323
5171
32808
8718
52512
49938
2579
63106
44768
5048
42809
35622
24787
46270
3510
1341
47956
18644
94921
82048
82537
57078
95804
95334
78778
48782
65688
58783
90330
58206
61127
5652
79728
93934
30721
32239
43871
33300
11696
88638
54699
70857
40612
95837
33478
44121
13529
97785
79117
8449
79833
61653
81879
75636
56986
60656
40770
39025
35790
31099
13582
96916
53102
93310
90850
174
41900
51072
49825
69948
39710
4523
57156
80321
16711
90633
40793
30239
88417
36261
38688
68249
97913
36918
60237
71250
97573
1006
10274
49714
48456
40208
46630
17909
33517
53831
18082
91768
4902
67907
78067
60963
88781
35222
57635
5492
42206
98428
35730
30623
34688
90769
15223
48953
27686
91811
20202
41610
9168
46828
7676
73975
87035
70657
91883
36903
24487
26317
45022
45740
10575
23089
6703
99355
74662
64337
21198
16868
79116
56928
63842
30156
64048
79064
79108
8086
87227
15661
66047
96394
62488
73722
70369
65874
44378
78603
2776
68864
4919
64150
14604
15493
87238
21306
31200
61899
1994
52397
78766
81110
25676
42607
11265
89724
38023
6724
97809
25249
22384
63855
37994
1224
37577
24714
67097
98306
3317
86225
67170
8235
50374
98125
40080
53963
35782
71279
15861
37775
40027
10979
35236
65703
69937
46500
55426
24311
53223
69586
49559
91959
49792
3905
93182
3720
28618
76630
2026
48286
79206
85547
56521
29579
83671
12952
83541
35804
582
15754
73578
40608
43084
8814
6310
13020
71665
78087
37331
41240
64024
3241
33198
13816
23497
42731
33887
52115
19360
52264
400
98566
37810
73272
44496
37832
2575
44389
89987
3156
76494
63565
43764
19577
88730
66425
48948
76746
44512
2630
17985
24887
22223
67534
55054
45719
10264
88941
14185
29624
57556
30937
44541
11718
20560
89036
65901
23135
33424
55888
42642
9917
19452
2757
45845
24533
69182
94793
1278
30045
97422
35615
54931
19644
3148
9985
81715
13412
15277
95899
59387
89184
26835
3927
901
63747
92962
66802
86881
42738
22689
45874
52654
58492
48631
98499
83024
17812
9643
653
64208
7064
52619
35490
43060
72119
61826
41126
85530
77102
37024
61268
66286
80211
65194
67186
43957
74507
50339
47189
17244
73027
9414
69898
31518
58044
84748
30893
92207
94390
47898
56414
17805
516
91904
77216
72634
53729
18341
74515
47183
55365
35782
29820
51927
17327
13357
12235
91834
63696
75775
25429
53074
85188
11678
84592
43232
96425
31836
35438
7166
79733
8204
24971
96601
16459
2186
85586
86539
20527
60101
33721
92243
12234
63540
60521
29561
93249
72755
37746
56944
48529
63174
10017
33716
74852
10960
93299
87628
42796
28737
94794
38880
53292
36116
35480
69750
54653
21066
56288
91531
97518
6361
83773
9751
86252
60645
55663
79500
33399
9760
52795
98279
72934
79164
31995
64137
90123
41645
68116
49270
86733
62909
4502
40024
15376
56333
26125
70029
93750
98765
61559
91267
5125
61684
17370
7728
22328
89384
87228
55727
99144
56374
70357
88429
35537
18703
68917
42012
60348
37032
7633
47080
16293
12134
87104
31668
84819
29580
18048
78568
28344
79607
86187
49820
41290
19908
57548
79969
9291
61127
52047
24786
17500
22404
29566
69389
41106
98482
27752
1453
51866
35384
48533
68158
63870
51988
16177
48688
97919
34225
43607
26263
13831
29793
76082
71472
49700
49981
51440
75343
11107
3487
16480
44959
25890
46046
14347
83347
60879
42098
84800
12744
93833
49684
97253
74054
1671
13430
22741
99589
47654
82700
42203
77836
12492
34637
65659
78544
84617
33450
70238
12076
36936
86717
57034
79177
49114
71380
62524
9993
29829
63675
39088
40013
13358
36341
14067
31380
66122
36807
47320
30127
35858
5875
7962
64702
40511
89972
43245
25127
23421
29834
53554
76709
32902
10587
72237
82016
98318
51112
92008
28146
14786
31095
68159
44495
83787
82225
75874
49908
35383
39546
80034
71241
45420
4347
35942
2282
94318
95538
27408
17739
41723
97314
94447
74624
7900
83035
56639
6218
34147
64998
50715
65284
12445
18873
9779
96231
17449
2004
46139
69184
41549
26172
56776
3320
46871
9069
5601
41188
20958
49361
58926
62680
46674
69724
53655
54573
69111
10294
77142
3257
91643
27857
68540
4087
63081
94670
16670
80530
96674
79160
66065
54574
21683
22840
57894
68553
31908
79846
9741
52865
45558
85018
31896
92231
71094
85550
63156
40204
12195
40297
59812
3838
68153
28351
24276
47586
23021
57297
28115
36046
36456
94179
90619
58139
33370
64864
26691
65277
61062
52783
18141
6619
37801
66388
98850
25246
51937
78357
65449
64132
18653
25260
67969
3158
69962
8596
50743
9334
65893
95209
45379
2348
5739
52350
76838
39108
17213
19881
4384
78274
72663
38876
84893
26815
5263
94
52060
73551
78450
33860
37682
13454
75471
22002
32963
61785
30598
57
71118
12842
95265
32849
31541
17355
85198
8379
56462
2410
28259
77197
97036
17273
16072
98280
44088
37686
98373
12499
11237
93174
62711
65270
6627
54533
87272
39590
16317
34221
55998
3787
47062
51263
36635
94954
68617
21832
3332
41431
40593
47942
18627
53980
65215
51051
52259
25654
5088
66983
38152
32676
60156
862
97946
83135
55395
1569
39076
88063
35789
95073
91849
99202
62687
44835
94155
31304
83018
13839
72734
39963
61780
7712
93942
26994
58762
62553
52647
63850
29535
7151
96525
6043
24364
10822
89177
79758
12390
28252
84173
48178
39676
76021
63731
2363
37208
57886
50018
20225
71724
39103
60187
49855
46814
70481
93201
5576
33033
45847
85777
78919
69349
98653
84961
93713
9475
90489
89822
21864
35092
73994
70042
74768
66367
50124
77130
3574
8009
27147
23798
96084
66249
337
62291
29414
70817
55491
34989
3849
1337
37117
82767
87038
35770
84080
80750
45244
74568
70571
67107
9660
44565
53500
779
27283
3624
94260
30856
27984
37758
71005
40420
20358
71341
2710
49771
58509
58200
1112
62357
75888
38228
61476
62925
90349
45555
60026
35592
36474
30597
19051
62485
91513
88902
63263
18795
8877
73874
66002
36861
11631
53358
93632
31988
41051
96341
81759
99559
70892
82870
78268
63131
37449
39743
42408
27798
1649
2433
79741
38122
49381
15143
16959
40893
4045
96573
76039
29273
70447
42040
82485
82077
11750
76116
14065
52800
88808
12175
52358
59699
95044
30625
39182
48844
86719
81589
76641
88367
373
72734
42841
49754
87876
76151
90646
8272
72723
83037
37545
43169
41428
20029
25246
53177
12497
55662
22328
1304
67836
91038
77355
79231
21662
16536
28074
24733
14476
21067
29451
31200
93800
72291
80953
98027
48441
87951
22651
37516
70987
60195
80684
28766
96575
22281
81943
25423
77942
4270
26727
62129
95307
4081
41359
33321
36968
85785
74405
67795
6851
3855
98994
650
92498
96299
15028
40938
84249
37678
94805
71587
14224
75489
16704
27151
14121
98646
52573
92063
19268
79299
70543
30926
99731
11902
80598
53050
97686
55002
20844
20888
75209
36190
21537
67706
32488
36564
24995
33088
90594
19800
21026
4817
95288
37729
31967
9408
52727
84540
17822
88346
80190
4717
19271
79921
32970
16221
32970
47007
87574
70166
67894
62782
6355
5782
30487
55194
58697
55482
4633
49290
75281
25658
54107
86920
63386
86073
96327
32464
86964
30501
20809
67154
35217
40080
47074
68186
72652
96395
15192
60225
82912
83085
23007
89266
5218
53493
60811
63914
8974
65443
13204
84254
91100
67310
87525
70838
69734
83852
3301
56698
30704
40462
40203
82272
96893
87276
66809
69544
22
82000
29768
82934
81436
52774
88551
86653
22619
49362
50566
31592
31156
80121
32198
38608
63782
19722
25797
33516
19925
45449
6565
66980
85910
46767
49251
82802
50394
16059
52345
50415
14410
82113
49700
12197
51238
38251
15201
73856
3964
82119
21800
51471
62239
70349
90078
26021
6422
32226
75888
42699
77675
98804
9678
63584
45570
75281
46386
12315
7691
15082
62729
38453
13546
28781
50649
64784
83383
65850
54991
87346
64320
93142
55168
26558
79842
61598
68930
86264
93823
44817
45314
71497
43620
71343
35081
5541
46623
97818
17855
70666
12899
96936
9118
26445
25716
59766
7580
9098
41967
78922
12795
6286
88416
84314
49196
68257
45911
18125
70872
39734
79294
32537
11230
22913
3880
62662
44806
66854
60479
62660
37519
89730
75947
46636
32526
1662
22754
56457
27111
81072
35378
56257
87358
40145
40571
36553
24754
86481
71029
95625
26214
50322
44514
53796
89587
48393
16457
34392
15246
93288
13403
52765
83017
89350
15752
31894
7363
38505
88350
50826
19577
40079
23434
23286
80224
64004
76190
4977
66837
47218
16953
9402
13892
61466
63197
3478
26210
96006
54221
41456
89293
67623
10572
88661
73324
26323
20554
97039
64828
8903
47864
84404
48981
71297
24041
45556
51653
230
66884
34841
47447
83837
44242
77690
61654
23791
81167
4216
19796
35387
45671
25440
19362
56242
14100
9037
82564
34653
6075
63743
59907
53938
64498
8887
41587
88538
54443
93239
88767
37678
44431
52566
21514
88672
30255
99520
28814
27774
3735
48609
79512
65757
74048
98873
38350
4499
7910
37265
39151
13984
1008
99057
84274
65505
24296
25860
70395
95090
35450
59161
32767
79880
28078
70633
84903
74685
86504
13717
2458
6590
78677
81969
72346
69077
97194
27047
73575
21455
64311
29078
51790
65318
44486
36063
47175
85133
78274
17569
80222
30075
93081
29341
26306
21159
16325
27561
12195
2828
41277
14652
9417
36305
12972
98114
5381
26517
25160
95308
47971
5822
24385
99761
71140
85222
52175
18314
70355
46801
52234
66928
76875
45314
12620
19533
82824
28944
47093
95018
31771
4721
26021
57539
41025
55345
72004
62758
81861
13515
58065
29832
19337
98801
45944
6828
84022
14470
41493
70728
61270
93726
37656
54497
39039
50275
74029
38215
95571
37473
33232
27341
42193
75605
1232
99569
30949
89587
62326
12809
3102
20390
58992
38790
19190
21287
45617
19564
35757
87109
90291
13378
80834
44298
67874
36224
10925
58254
74438
6495
12078
24022
50187
54270
99626
67770
53839
46926
57357
16164
59734
60458
52906
35078
15599
72095
56364
61215
8010
8472
64675
98301
38202
61860
58950
6075
14435
69874
80681
88873
92720
92758
29246
42907
63380
45223
10676
33570
92148
68032
66085
68233
44841
18990
3310
60439
7437
76026
38005
15446
84497
19031
13746
22698
80890
72696
45125
95325
58921
42157
549
51641
51266
46146
10899
30997
91368
37926
64566
83515
5958
30651
51747
67150
65992
71409
43941
73428
47434
98297
88874
48282
17328
18971
70980
14569
8018
32456
26245
83291
90964
43145
34931
58581
89290
62181
89578
80657
106
70495
64171
22415
1145
32270
89565
83489
3678
49857
56916
51111
48153
62141
99392
81832
81112
86723
96401
89129
35530
38997
72419
42845
82142
23701
1426
71431
85881
91003
68440
2339
61497
48962
24753
78994
81231
30669
62482
1260
80525
35749
52370
28678
97890
68114
26861
79001
71188
39613
84481
23070
78610
73252
65914
60751
13304
83691
48533
99185
74693
16972
17875
52542
65934
42627
47887
63516
73296
26720
64776
70172
62468
33497
15201
60357
17962
42062
55709
5502
81674
40190
28571
60283
29793
10836
37385
43096
94527
85918
58632
85571
19241
76506
54464
1526
19133
2350
65042
8780
29069
46169
78951
7889
79665
94152
68245
97627
36213
40306
3128
34238
80495
48050
10873
26639
58885
48257
69734
69763
50526
28366
71686
86119
21223
26149
87644
56707
28499
69037
65486
73919
15205
60789
81807
11222
71292
66404
25200
23856
6709
44679
58093
3555
9080
68965
30193
84316
33574
99926
54079
84099
44643
25764
70217
65866
51912
74213
22572
96762
43249
4410
87033
74806
81550
68839
2379
52841
51594
43930
76696
58302
88608
34788
78208
97687
20105
8400
82002
53678
24678
52432
37776
69320
78195
24345
51537
46459
14909
90461
59572
74509
11222
46604
49314
92771
15443
68044
45611
67036
11973
22306
41690
16932
73445
19897
14618
93549
44649
12972
47226
69326
65403
1354
54997
59950
42050
6534
22760
56958
13346
82331
31466
24567
28935
97132
17337
60729
65175
62947
44116
93500
1604
85805
10431
75048
22054
41401
84949
66702
70724
32174
36027
52478
49879
7375
28779
8280
13908
51538
65237
27253
33869
13055
68171
62803
10186
85507
23531
91712
48453
67646
1563
66408
69803
28346
41456
91856
86098
26404
74909
56821
74929
27287
25650
41160
34661
54429
49439
64921
5966
31028
8525
56186
44082
76696
18988
70619
62202
58870
62330
27007
42868
80245
93414
12670
8590
51221
20877
94687
77624
12137
67859
68905
39423
93508
10064
74083
47936
59502
39003
70254
90529
47528
26439
50962
40575
61779
21580
2776
20648
262
46134
79867
80506
55900
8888
5447
7120
46116
16485
1096
58252
84343
70000
97674
77850
80063
88109
42138
55916
43463
12391
62797
90990
55181
13758
47916
16959
51690
50692
53959
51951
13177
33825
48808
69076
59065
54254
76196
5180
70738
77291
63432
71432
47290
77457
65633
43704
65565
7770
99619
9028
36512
78767
16369
91693
8877
64285
25003
60566
31328
78961
12516
44504
29138
77675
29932
88202
31928
6127
93381
19017
99769
73164
90448
63410
50621
56080
7113
32537
80202
23083
57916
33065
18202
90637
41109
27078
54921
66112
87643
2600
61424
16510
63455
6913
94184
93386
95114
26111
15864
4847
61479
15632
78010
68278
95393
44982
40709
2505
93871
20910
41940
51786
70327
76493
42422
11435
3570
13694
93898
91212
16293
71674
7721
96100
78586
1904
89485
73700
44366
5349
94898
22196
37332
89259
90473
32725
34241
31181
51581
44463
68443
9872
96248
38769
86364
55022
66555
89933
68715
60453
97496
1360
32126
21568
97459
27063
39823
3295
762
540
24995
95659
22735
62327
84918
13207
11403
35510
60740
79335
79972
29182
89207
92571
84302
91922
47592
50856
98207
32659
27660
95702
50370
76137
33622
64180
3200
89796
67474
3961
90336
8821
15972
29422
87499
17241
58981
98901
69102
19720
94587
49073
65253
83793
57995
49554
75715
5587
16761
73921
54597
44421
85974
4966
20557
35947
69145
23756
25743
52970
44069
32430
78142
76392
61851
65640
9984
20831
80892
79085
56902
75479
44509
22154
75623
2503
88059
51337
24441
4820
41609
79037
49240
43935
354
86148
96233
85850
26256
21975
55172
86676
54404
33313
63067
32607
98953
89402
69789
96196
68486
26691
71674
29346
65196
47297
48200
53255
14985
72641
58074
72946
68029
23665
33232
84735
9812
29464
70584
36067
67791
42107
22742
38546
75420
2160
71152
90724
91561
40941
86919
76398
83983
74945
22095
49178
38593
70295
18784
69929
59287
76857
42874
43667
521
92457
28401
10333
21921
15337
62751
89711
57443
85493
28256
32862
4004
15760
39937
11917
73052
43208
88314
57034
18152
26761
22563
73096
97055
41347
43024
56341
18203
85898
16359
35076
94706
44760
61760
16626
60096
24510
22688
17538
26354
67296
66752
30358
83055
23040
58626
56106
66247
46939
29491
84398
90051
52053
57493
87105
9751
16869
59797
44306
19118
76156
79381
13823
37267
41140
46801
97362
82001
69488
31251
24707
36783
14354
71416
36189
37394
30041
8646
3640
93331
38136
4390
83382
6541
78234
70486
32643
95102
46635
76948
14219
39142
56328
28042
76408
13819
74842
90121
12172
60681
21371
36878
13816
52077
8293
50004
89470
38333
75002
9461
31663
29489
13850
15044
36029
92084
1882
68672
3537
64868
61971
17756
4009
34651
62149
80416
48469
53342
70536
76992
30374
8258
30221
44189
60334
38513
10545
66155
93197
85546
75616
41212
15034
89465
56255
67415
97900
74488
52438
1437
39355
14408
35544
43363
49058
14044
40130
13879
67385
27017
7222
14110
35275
37443
58299
11960
75955
85195
94467
85504
87092
70082
26715
18477
75898
99321
85891
73798
73809
54680
91586
13163
85440
27129
72878
34497
41172
13007
64727
24908
56376
71949
39017
91650
9391
13667
19961
1697
15213
14427
87200
2304
860
13914
20781
76758
13235
23023
66907
87043
77703
58492
16557
63142
85620
5786
13990
43143
35145
78717
84402
91520
50665
39770
99521
60055
53437
35833
78103
68649
66612
65303
87305
67471
79216
8085
44228
92450
31107
11134
95844
8809
85977
28753
88302
87948
34538
2292
31090
86034
81008
31843
93905
48024
71613
93425
24430
41401
29258
2532
26401
12221
67834
13705
79691
63402
38141
40271
55851
69248
67756
68047
94408
53733
96799
99062
41680
47688
1353
89122
50074
98712
37316
43978
63087
8928
37403
87516
66680
83012
6399
93081
95232
90585
23137
91274
53986
61278
31544
26188
46877
99300
94234
57636
69384
7384
56697
11063
71424
58049
16536
21497
73112
53852
65474
36198
79131
19228
40065
45811
18591
62816
55243
13822
53400
78379
21448
23737
56008
52991
49924
2884
68642
60510
60520
38025
84245
33568
49088
55668
7969
81975
93516
81080
35826
75342
33630
31309
94569
90046
77119
13160
52861
32361
43333
22612
27091
64780
46348
83099
17771
12624
2334
2764
89485
79205
40789
73729
12773
6228
45749
20741
88202
39264
18172
40380
14605
68153
71688
9174
74551
48806
38685
27411
97518
82017
66375
24608
63149
29074
24058
97271
58049
42744
34
47533
21948
40822
21262
51072
47049
67010
88164
35251
22625
22688
91982
37230
90840
63669
62755
65390
28826
17791
9153
26343
16159
91879
67302
79307
20952
7712
76577
79001
50455
76611
42885
88754
33784
64146
39826
80833
47507
44341
32435
70132
67028
24416
23713
74220
4436
2819
39609
33261
20609
65113
75955
53119
73343
43256
32426
94295
50967
25354
89647
17773
1964
32531
6527
35748
13029
62704
32932
60535
7044
65366
47018
90424
6133
87082
64643
10568
89900
20603
43828
26860
2068
36134
79979
75410
79389
12404
86056
46708
54109
92054
80832
56073
40937
87358
8172
53965
66413
57455
30851
89809
22820
94221
80232
45304
81302
61226
55871
71202
98180
16050
14413
16599
52183
94391
92009
47923
23146
78064
10982
77255
86470
91814
49679
27406
95523
74202
97722
61936
31656
28572
68096
70827
39144
64679
16130
20446
42256
72000
7999
40435
4401
22411
57034
56583
33154
65394
20857
72651
59809
31839
49905
46278
23652
15935
73683
35526
90136
87756
97461
38143
16328
81908
8969
71823
46586
25098
92268
88841
13449
266
45628
17849
39029
2661
90783
72182
68054
11640
44832
27862
43478
11089
90492
83481
43375
80526
19006
49863
68282
32819
88005
961
14726
13326
72783
61312
38423
65051
66504
68224
81668
12131
86072
20696
31143
93207
9229
99196
4846
54061
43410
64675
81501
50253
64507
24875
30778
83512
91089
99059
32682
79094
19
47408
92419
89154
25071
47193
54204
91574
15416
52223
20057
17840
72919
51199
11046
98499
66747
15891
68911
26508
96917
50411
76760
61423
91638
7537
61286
82726
6596
93968
78171
22966
41375
70589
12119
82797
34134
82674
90722
49549
51249
10778
67388
40519
78329
94785
39017
45075
27027
7928
71582
23943
74690
48341
1717
66327
72229
63003
65405
95176
56970
43575
18142
14696
30516
46612
13844
64649
45638
4565
30549
96886
31695
14289
53756
10023
9073
92772
55097
52452
699
26678
76394
75389
91370
94463
58067
63598
57465
23471
58774
30786
83398
93267
61833
30265
56230
75676
11265
18219
80240
41813
31456
28286
72453
85211
38308
97878
77983
93404
50329
95033
36433
43074
70421
27802
37536
44840
7752
11352
84662
82877
42137
68059
76143
20321
14675
48724
95996
25939
66943
92588
84104
98398
20873
56556
83609
59181
54433
77943
68936
21113
72975
5369
64187
43396
49522
1722
4587
73625
13074
89248
56501
71562
73659
48995
8235
88333
97719
20582
30624
64661
13169
14727
79410
50394
71282
63018
25926
42067
40960
94861
63179
30287
16581
27365
73682
82455
45439
94620
56079
74864
83867
28932
62777
57525
77926
71011
62210
75644
91593
92833
56656
21113
7559
36066
71506
95192
15435
13783
53610
72747
24996
16789
3033
41576
60505
93066
40382
22295
87685
12813
97158
87903
41744
76287
61780
36021
47297
23989
28017
55241
33173
84672
76354
57083
37089
64211
68626
68876
94346
22236
41622
19341
55376
61006
77268
15880
54071
17650
38175
58107
30462
51684
46009
88557
27970
24140
24577
91619
64480
52593
46859
97652
53617
39564
54734
7057
20127
23360
75932
14472
61947
33905
33812
17322
94910
11079
49553
65332
45080
4079
39790
91893
55763
2151
80449
84
26290
21378
91702
90770
90322
54913
88421
43938
10828
59507
67347
47306
99218
59630
61777
61164
93535
11940
94837
4796
39371
44389
86480
84450
48468
26269
76343
20582
44771
73143
20665
71061
94520
28719
61830
84842
99983
66602
45131
27162
42460
28829
74468
41677
88459
52596
19192
98345
64536
14028
19492
20258
74769
22323
4707
23236
48592
97401
60169
93362
86896
97185
80774
81415
25903
42603
82608
42237
25557
44091
69399
68016
72919
43866
9693
77729
96461
45236
76073
77348
75616
11917
97605
50384
34239
18664
89971
99182
32416
50139
8896
19311
47323
89669
17078
89578
48624
16037
48166
74180
60127
17564
42195
49398
77781
68239
27126
90594
13475
19551
84293
5442
31467
81898
55825
82057
16913
62147
81239
49328
28637
90134
84991
75959
96154
18420
81888
44777
34456
30054
35308
10935
63969
77503
60332
41750
62093
3809
48695
91919
39711
32987
97360
87529
31236
53184
69586
48148
31682
50824
13828
60318
57309
98818
52629
69814
17237
34516
14591
68044
80921
49898
78978
44890
43752
55661
2991
5845
59470
51685
14115
15532
1023
11475
3061
32259
81010
88998
80406
12692
56173
94233
73009
13481
9402
25637
83294
26638
76505
14236
11034
57425
80486
90011
18666
40589
45672
38008
46433
21493
89692
76900
37024
7067
88374
56436
39325
69383
45433
36082
98426
1605
46667
87787
31437
56068
29775
31083
99058
6279
45318
26443
80056
25803
16453
98721
66392
78476
36729
29176
16320
42772
22427
69696
66190
10800
26131
5514
96535
87916
57948
11312
89520
20966
99098
20957
93385
28873
68391
92442
35151
13708
18884
31558
55863
51689
46631
38606
30164
99711
84133
46484
42482
6560
16179
25024
33711
58661
46889
30245
46576
4836
41557
52448
25801
57006
89756
19186
85878
58146
27979
37381
71853
63215
68938
44067
31255
15568
99024
77770
15278
83157
40605
74112
6068
73135
99135
39778
31796
46023
86375
94723
67211
44283
47170
9363
1288
36925
44900
87166
11422
89231
40898
99627
52445
26187
43693
51
41755
42717
77820
73384
42225
18425
63847
48292
91559
79333
88069
39706
41708
74443
34429
8918
18725
97950
18280
36365
51227
79532
23530
62648
68762
80779
62274
37558
6965
5967
37608
65071
65035
31779
54807
7259
66555
18653
55550
74466
14338
59970
14171
56045
34413
64951
64962
69489
79253
99593
5853
30479
95476
45734
93126
64237
26512
71752
1794
33477
94070
55753
14899
59104
87532
69705
82714
54086
4710
38263
28551
19047
98232
59074
75091
48996
24024
56404
18485
3276
72348
40689
50106
67824
86423
59584
32060
29286
31335
33854
79114
25404
89606
94013
859
93489
63717
83572
47575
68426
38186
92477
3824
52769
51550
78914
1765
75574
51669
36601
95201
24017
93641
45307
91840
80063
4890
40251
25701
52576
90456
4814
77979
96414
15178
95189
89902
78895
78760
53828
63672
33297
46305
67496
86065
97854
62761
87829
89779
14430
40781
1332
38446
34422
62990
46637
30836
84231
86887
56536
36806
77343
77702
31136
90108
92879
26324
80009
88125
21435
33837
68149
54731
80141
35644
40795
94346
14756
44976
477
29185
2108
1808
83982
36529
64797
30618
83717
49027
33857
56604
2184
27551
50657
33319
17658
43536
75994
97666
48012
97428
47854
16160
52158
44346
68155
9304
55044
82911
54279
55520
28447
56387
57327
12429
9267
38475
59398
92983
3853
93254
65939
6036
37156
16595
55706
54813
76482
31699
68831
24494
29126
33036
40653
97635
77382
8808
6938
32425
8070
61217
87944
36516
33955
61622
48944
43221
96
24694
52556
3948
34299
34846
26335
71455
51440
82040
42619
44274
30090
27801
68767
75567
60837
25771
73201
54570
50930
96490
3346
58999
74058
7641
11867
8012
69262
77162
67585
85709
1855
20140
6008
36154
71337
48694
23960
39128
30733
82930
83401
77174
10731
68519
52740
71567
10642
42292
42488
61571
38781
45833
36922
12839
69825
48788
37202
55438
25949
4786
41146
44156
41277
63505
96661
12613
12198
20620
51741
59282
3549
51493
36455
30631
20012
89194
18549
30653
47837
61036
8575
86617
23220
61848
15807
93044
10635
53009
48481
52936
57794
5978
97091
15423
69482
10103
28035
98031
30722
96127
57312
50622
47620
10118
97605
83983
15663
16153
30987
63499
77189
55913
50116
16760
17761
65922
26156
44747
35282
74636
97682
93076
96966
11124
24850
82799
21226
52884
80830
68299
65363
38141
35273
29334
64611
32877
13316
80273
49029
60654
43772
42569
16566
10239
75681
50678
92512
1836
95425
27794
76471
93106
37221
89788
20582
62070
72587
58159
31305
53416
26458
96667
7908
78082
26000
72518
27310
55667
52791
76338
32672
12914
35259
65590
23152
10939
16267
15663
12774
11691
59808
5596
21149
97028
95384
41730
59097
67970
99888
90402
37737
42697
3420
45644
37130
45772
34514
64439
17790
87304
40777
50462
217
92387
16051
39720
3325
32317
71734
32450
44008
31542
38045
81508
28569
49780
23237
4018
34101
39476
10771
71837
98525
14190
17481
35654
76313
51994
93
94103
55649
57221
44564
72217
49607
60614
28288
69283
9282
21
18084
69641
31562
56128
51148
60131
22260
74384
80500
56360
30212
91270
28197
28736
21811
62029
80741
98124
30374
80833
92226
86022
54405
36789
74590
20363
13754
2877
89645
23035
2897
7728
92676
34459
80208
43823
10941
2467
34559
91440
75178
81122
82709
3374
9857
20871
65402
6949
18994
95775
87782
11219
98148
58538
64359
72737
78901
78112
91965
84897
17499
94862
92625
26526
45672
89184
86700
56612
8002
21258
64403
83179
18731
63463
2905
44939
84333
84658
51888
3327
96785
56021
30897
94932
14558
95256
84021
93458
89719
75985
78355
23569
87198
87331
50094
49221
92866
36794
5832
867
74403
86586
397
93134
50048
19653
38072
50733
4311
6311
54059
1095
62331
84955
12378
76889
96562
12750
70346
2633
5087
65052
26201
92284
52382
76295
41505
45247
29440
63688
62465
3842
66626
79214
13327
16673
98866
51399
83757
19528
57709
37815
20622
36392
39122
49352
13280
52035
62101
99977
54667
67187
65029
97220
75823
33762
73514
33679
79009
2953
97366
57825
23146
80343
37038
36473
13368
52256
4223
97124
71783
78283
34939
92405
14674
90412
58108
44305
42446
20208
44282
13465
87395
9310
10684
79569
59423
549
13247
38431
19853
26964
96256
42998
7307
49645
95822
20674
1900
16396
17797
73683
94679
69087
82439
25704
75850
40546
70009
18296
77105
14290
48112
64499
39951
75147
60419
99373
75695
73665
54156
11899
629
66763
71248
24287
32759
67070
44960
34659
83465
79108
24693
94495
48195
7131
20199
24044
64028
6559
58691
41132
37200
23154
21983
93502
98300
82401
92874
90346
56066
63381
2244
73046
46495
89844
97332
79254
56913
42291
13912
56729
37750
54956
67576
85944
62086
4126
26340
42465
10684
1382
83596
47883
24536
5578
41384
39187
87979
50609
45885
60396
30342
64480
33441
76836
54323
47124
56089
27587
5766
86352
668
43515
41307
68243
45811
19744
72368
72150
62208
99403
89883
62156
47285
30770
67733
5020
69957
72063
55628
32193
32458
85969
96672
82250
79157
50995
29373
51597
94933
51490
37949
95600
95005
95607
80194
40815
31703
68913
29316
10262
68315
35550
72417
31951
66320
40150
36970
52628
28564
8950
84820
77374
11270
81491
75975
90426
48837
5348
42023
60122
73189
96323
55721
68193
91929
52267
25359
39983
21179
54674
50245
5846
6576
22661
37796
72895
79162
91118
25522
7726
67
10341
1451
11336
8183
77425
18114
57020
99124
76488
17141
72313
72810
89213
40505
81090
57831
65864
21073
95362
36889
71317
1207
43464
10329
55354
32710
89491
46471
58231
13568
62889
84923
15018
90577
93106
92442
8690
66477
91566
1529
99969
63878
74338
5533
20734
55427
63364
2949
92851
58725
56190
80519
76283
16005
90848
31636
48715
96690
94459
23297
10257
57347
8220
41626
47923
17677
50419
72964
505
41984
74492
473
22213
65181
22357
59299
36960
85720
62247
29810
60796
18436
10329
37078
34441
1176
68714
99507
14217
79524
22803
40825
36870
47374
82450
1145
81402
32868
90460
81906
91204
81304
98730
29768
46484
21087
89066
83443
23158
51313
29605
83954
86100
39933
37383
36892
57460
22448
36398
71676
1971
75553
12500
55193
39278
11301
56337
20680
44168
63148
2585
51723
44451
17667
81491
7287
38753
70556
7081
78262
38220
36685
78567
40672
92969
15950
77563
50428
54749
13961
22103
56720
5865
50954
28264
45142
62254
84600
82173
22774
64099
1110
90848
8550
18776
88690
32188
73880
75598
55620
52141
13817
92305
47060
54488
85273
63009
32051
52053
34109
62363
74155
7180
84579
41461
35443
46072
20066
20042
28245
59191
493
29354
50039
25394
64481
38728
57581
38360
14325
13200
6852
44494
21856
53911
98981
23481
33271
47383
75533
67380
26097
66039
74559
27027
7499
10002
73099
43917
46395
17695
3107
63239
63400
53145
88632
27880
8225
46212
82591
22549
75764
89442
83394
13971
59705
98727
37451
9327
62461
12983
76706
4910
95374
67617
31936
2872
93970
21386
46788
56716
39080
66247
19955
2479
19391
8586
46710
43967
71150
29300
66516
63265
35094
66261
93587
11150
64987
31038
20476
27448
60372
13534
32357
55745
81150
64292
74969
91471
85678
38108
64538
41109
4354
844
59940
40097
9430
6649
84063
96931
35949
66930
76547
87394
33191
70133
98543
98177
17522
19018
25624
94246
48903
57980
49990
46404
38624
41310
37874
40653
79418
2412
81761
123
3255
41700
40219
29036
48349
24282
42318
649
7563
35216
4394
40753
21701
2936
38930
55574
38305
80905
49819
87208
55237
16161
33611
93860
73822
87837
34512
53239
6600
32624
69714
26206
74324
9932
71594
39024
50565
30263
56024
58128
65479
60417
15232
3531
63352
54161
59104
18008
51418
25275
5215
6654
41435
55178
513
31608
43014
51376
84847
65965
83999
70912
92170
58322
80843
63763
13697
47760
10378
69720
5887
92208
46488
37470
95738
9839
7983
71193
44199
59400
96467
65765
66053
54253
20942
66565
85861
80307
34292
87059
62623
18290
57970
54793
92964
55164
34907
6660
2923
61636
92732
25161
53843
39219
62631
49580
65410
70613
37125
9608
46364
49943
91724
12416
20548
29018
95332
22760
9324
29623
9818
88299
47912
84139
59443
40875
55654
10701
63887
58577
72337
56618
89
26179
95836
79071
92111
77597
66035
29235
3556
12398
95529
95280
24813
16076
24297
20144
38835
49972
66118
65004
38270
14030
49142
97712
71256
4796
8413
35142
79724
80749
8111
96164
23279
20299
75235
15389
97895
41269
60975
1451
53667
56504
96730
94831
88931
21026
31327
27766
87349
97444
9121
25619
27825
58263
23330
99081
79410
48094
50574
75485
28842
75037
71648
68473
95335
46882
83861
9581
88151
61188
11031
58169
34043
24112
52999
22973
61489
84325
67090
48838
81769
76211
74456
25945
50825
14137
41377
30234
62231
91951
22070
7424
66987
93717
75896
78673
40599
76109
88253
45101
53648
99284
19621
87690
39747
72619
27014
1236
73296
94104
66425
71416
86666
40880
97360
37490
71368
38737
84075
33598
47039
6144
57374
30377
16212
49621
9049
73162
25729
97301
18262
95728
12936
54234
83417
69035
26853
10431
70270
16500
20886
36694
87915
23903
93925
1626
61392
65292
56714
61818
15242
3752
84313
88967
34128
524
38587
59528
73686
80668
73181
8299
76395
86116
62533
76164
71502
5737
2946
41771
22236
23831
94816
26502
47733
5092
44479
25476
70384
1193
87293
1977
4944
87957
7295
55424
88480
45881
31303
62165
42900
4483
86816
35647
6951
49348
11810
78452
71436
31107
36575
93671
71289
31390
36524
35373
36482
81002
60848
23217
82194
64492
41545
3490
52448
48839
75265
57279
11071
22919
35796
70323
27402
22611
5969
50704
88310
34130
45507
59745
65236
82081
69767
36524
29823
6290
88248
82656
87291
49095
22224
85837
29938
63768
5678
98737
28958
97294
72367
40028
20212
8162
26702
47613
47124
32670
14668
35433
83151
60175
95177
64738
42255
64943
17613
88429
87584
5860
71084
74875
71306
93307
77063
1243
73426
99092
16331
2383
96385
88698
58763
16596
96859
85464
64209
43983
34486
95228
95767
33988
55402
90944
98726
14009
72238
16338
2437
59822
22198
73521
51048
93503
83179
28110
11098
56605
27201
27428
75339
23585
32477
34101
56532
45688
35917
20740
89670
86754
32320
1788
20741
87721
92731
19466
1729
64969
52156
4166
41142
90705
94038
92189
84207
77216
36650
11656
33820
63850
55436
25511
3786
87912
59611
60317
33599
11879
97409
39620
98632
29728
41408
35725
33800
50490
71542
35529
31810
23697
56046
72951
14401
66435
65139
14960
43650
1788
42967
93822
81989
98402
19332
2126
2666
95294
78795
36264
7173
92555
92236
22156
38634
33643
57880
88785
84132
45774
40665
32294
69470
96710
5244
223
63144
86735
31534
23146
4874
74500
33319
3215
89254
52650
21692
91919
64295
486
44534
87819
9392
36769
9975
64377
86763
84206
53162
87247
46331
93826
19540
15801
90536
41135
32375
70031
27869
80260
9528
32743
71111
42846
35957
76716
11847
57648
68634
76142
74486
29520
63960
229
66288
90286
64606
69403
90844
17767
56649
37174
11592
76188
69326
18479
17322
18052
4862
61543
98311
14389
94285
69422
57235
46593
46137
69081
20592
31123
45222
11429
60642
25534
11658
43281
15819
92615
12683
23014
10381
85683
60188
21972
78222
29513
56803
11896
47565
61664
73438
62227
76052
84074
48000
49638
47018
94137
35071
83961
41611
80292
11742
18604
22177
23399
78236
54348
32365
7271
77361
42745
92953
37548
81068
71175
83413
37870
99422
30977
15885
72859
93203
8289
73284
41203
57926
20301
51691
92996
20613
9653
89640
32354
28256
11816
72104
22843
82515
4468
30113
59876
47212
23066
97423
44632
10592
80835
98853
10013
28163
14738
99223
37718
23026
72506
95272
80951
9158
63314
90299
46122
72966
79938
78476
17573
8105
66931
40415
6972
71399
70528
66847
34962
9945
80621
95945
36888
61456
94798
46900
5970
9535
62474
43687
48912
51331
55310
46214
76840
18623
36512
22961
7940
32801
17788
25512
57258
84719
82279
64229
72469
69158
31075
23782
79102
11695
19727
32341
89502
30876
79240
11824
56762
58065
55510
5673
9395
27172
51886
86234
45794
4750
25546
53734
53902
59686
95597
11159
60756
94227
91739
33224
63384
39165
73357
58837
67212
9435
91177
73065
56662
86768
84888
13423
44832
56750
35447
70578
83921
3685
73163
29714
8434
98709
99799
78687
58394
11748
6198
19149
5974
97936
68724
69358
53453
58432
44546
20664
67867
52075
93728
24528
38842
78616
54303
26
35365
89749
70603
35637
93433
43766
81702
18218
58826
81501
96905
17219
9600
3102
52719
15573
17389
37794
1282
70841
96225
62180
7856
80443
14254
17936
21323
53095
96551
75625
53120
48267
81725
40075
255
75158
83840
81956
9727
42665
79808
6631
76235
89407
26084
45305
4980
59825
83098
22613
47017
79322
84792
54873
59765
99045
72808
97439
68492
85710
73063
37963
50328
54787
78037
50582
46296
78228
32537
72375
37244
12345
95357
13478
1751
21441
58782
23082
97617
58231
62047
44633
37553
63190
15857
13669
62235
5016
11107
47078
90725
521
85040
57404
55307
63077
7985
17955
41304
56874
90329
78548
85570
85685
8377
3672
23477
83511
43106
21093
41741
5152
82078
95645
68341
97934
9313
46927
2950
20419
94004
10026
20939
79044
83782
92598
58472
8118
26904
16127
64991
33584
11026
50560
19268
35755
70584
59097
19265
13689
96541
77357
18840
78618
73002
3532
92904
82314
66811
12205
19085
60814
38582
56375
56209
22363
65324
31032
30481
8579
47159
11823
42162
74536
62383
77782
10290
32966
36878
45906
63006
33418
23263
81845
28388
96264
1728
21291
94929
68538
49847
30365
45704
88428
86740
1912
10791
68415
49296
57623
76994
12806
69445
19155
87341
31827
96936
97631
81144
50165
59888
44149
83583
83150
42345
28322
95765
60425
49612
90694
28962
99458
37410
74665
4237
24149
92929
15027
8916
42224
89001
85909
55029
58446
21415
58721
6624
34703
56351
4120
84867
16239
48268
84801
15740
6965
13122
11505
67389
79085
18550
12702
94894
55959
87367
99131
96460
80295
30509
5375
38870
19510
7635
10250
77955
29049
68970
84578
63751
41673
88697
64970
74263
53317
49770
90002
76633
62892
17858
60373
58328
36407
73074
53222
8718
60440
52352
5177
57086
99212
26903
12307
18721
34537
22556
96675
79937
91526
97605
60040
33198
2653
25009
23812
72321
91130
13813
65305
70373
31671
25677
28701
84429
98751
81922
9498
59190
50625
31026
32628
49836
57928
44934
84909
8816
83842
97935
5105
75367
11891
81496
24916
14544
6504
48727
3216
13985
78891
68521
84358
26913
94197
29410
27694
92947
11331
37191
68489
78307
68217
17468
44494
42496
62401
29402
67664
46242
27337
72768
37960
39227
54263
79227
70122
77118
44305
89690
91102
39548
58210
91811
66460
52406
21220
94153
61705
48902
47696
46545
43560
32264
64012
88054
74759
26412
33807
42422
89006
77495
31541
43317
33074
85803
38896
3195
79272
99552
92884
86726
39099
67445
78536
5559
36203
16108
16063
97907
65009
80110
44451
8569
12373
8462
12974
87132
51225
46780
45905
56582
40627
77446
16251
73700
79600
55146
93246
75224
54697
2482
61949
93796
69926
56836
15706
6128
72943
48120
20386
54304
28230
81188
62872
56954
89649
92197
44085
57226
55328
6342
13807
95954
139
30057
69653
79738
1554
79251
54961
72603
81732
33261
66398
68009
90097
98455
90489
63039
62926
10874
33694
7507
92062
96565
64461
98062
5113
24897
71639
60441
31238
1798
56394
31376
48206
42399
27466
49760
21649
82426
22362
19732
32039
5111
87740
22135
19917
78228
1525
82842
5454
35219
90349
13867
48135
54809
28280
53248
79705
99919
30040
27295
1716
2785
58670
66273
45183
2487
16032
83183
1265
54745
2914
33303
76207
7006
71789
12475
85233
73313
95317
7038
24883
2017
20904
89370
73177
49184
42617
69233
65454
89008
96527
83521
91792
71549
49793
36975
74035
82177
36509
75299
36921
39423
24953
29480
62780
96741
41954
64364
70054
53622
71402
11288
55638
92305
657
45166
57840
59625
30751
23293
48632
43629
6813
40424
15177
72958
93750
5564
55134
30258
97214
92054
86032
22167
37885
48811
35259
79839
13175
5312
33460
928
32952
5450
93232
33608
66967
67424
93233
97717
90716
58216
41346
13881
98639
72874
3190
8740
94789
58323
38998
8355
66728
41381
30521
4613
90192
65779
84451
19718
87443
34262
20645
36746
56063
30228
86705
23030
97651
96289
20746
4719
54505
78443
34951
69495
67669
38140
78235
62457
12814
17232
70811
79541
74964
17683
84153
81507
99814
84955
1224
3608
35569
38220
56705
91631
84800
43409
14660
98802
39698
51758
3520
94202
46552
54822
63696
14220
9313
41930
93029
22126
75513
80191
1667
50477
14226
2171
31983
14039
3478
49559
33998
39046
4130
90702
30676
88929
50462
61688
87731
90159
29797
7602
712
92700
78776
64408
6920
88088
22689
16300
26566
14554
96490
44584
81382
10715
46754
29716
41105
50231
95626
91454
5628
99756
98507
36304
5036
48969
14343
9118
39127
60491
33072
39839
53190
11847
20598
76461
16286
59638
92760
42851
74191
5602
87434
55572
32668
50540
1640
73773
770
97265
81578
6398
13372
80085
59053
18408
29053
89747
43877
68179
66589
76948
24369
19778
5146
44966
12591
21432
20956
5350
80634
95146
27303
84420
67070
59971
34959
68709
50095
52080
82325
31672
74829
95697
11756
50233
30456
57160
39979
90684
41691
22919
67632
66059
42697
89129
27377
55287
10560
48332
76988
7546
59829
4291
91965
43250
80613
26923
28310
30707
95354
10635
62378
70183
22683
90486
36767
69490
47645
76746
60173
5687
99664
44156
71746
58712
33285
15474
30350
43844
80157
7338
67741
39985
27980
59705
83235
8592
2979
11544
55650
98333
38530
34379
84867
61212
41216
21633
47053
88861
14730
7226
10899
30746
51381
82644
5809
84665
14469
36159
44861
94625
59848
28953
50962
87827
88658
50548
12770
7988
78443
68419
22672
33325
19149
7538
94536
60365
45523
57941
65577
76604
65166
76475
7349
32898
75471
29510
33915
89939
65668
95127
916
41867
24079
68229
29693
29088
18776
58814
37076
13570
43584
59747
46894
62732
83637
57782
39448
45511
15722
5024
22114
97239
81499
45815
30136
56969
75324
80402
63259
57343
91880
64174
99209
15959
32402
45253
45046
67529
20418
98473
81099
64001
74572
27992
43084
74560
85773
82532
20070
17846
3907
58535
15084
85405
20701
61572
58725
96024
58325
21984
69718
50205
86157
68926
66163
34911
30530
27560
18791
50947
42385
99889
31299
16956
44233
74383
7867
46357
73266
27936
64203
77172
2822
95638
78929
23523
57209
37653
35898
15534
59636
5616
65738
62145
90893
48252
13407
21423
92163
32197
72369
34547
48438
3668
67854
92670
94402
75720
39026
67667
20007
