3
19
21
22
26
33
34
35
38
41
51
54
57
67
73
77
84
89
93
94
96
102
106
111
117
123
139
159
174
178
179
217
223
229
230
255
262
266
277
322
337
354
368
373
397
398
400
412
432
447
463
473
477
486
493
497
505
513
516
521
521
524
540
549
549
555
568
582
588
629
649
650
652
653
657
663
668
676
699
712
712
720
731
762
763
770
779
783
844
846
859
860
860
862
867
869
901
916
919
928
961
990
996
1004
1006
1008
1023
1029
1095
1096
1096
1101
1109
1110
1112
1143
1145
1145
1148
1150
1176
1179
1193
1207
1224
1224
1232
1236
1243
1260
1265
1268
1272
1278
1282
1288
1304
1311
1318
1323
1327
1332
1337
1341
1353
1354
1360
1362
1366
1382
1402
1426
1437
1451
1451
1453
1468
1471
1484
1501
1517
1524
1525
1526
1529
1554
1563
1569
1593
1604
1605
1607
1626
1627
1640
1649
1659
1662
1667
1671
1671
1676
1689
1697
1716
1716
1717
1722
1728
1729
1751
1765
1769
1772
1780
1788
1788
1794
1798
1798
1800
1801
1803
1808
1836
1855
1878
1882
1885
1900
1904
1911
1912
1964
1969
1970
1971
1977
1994
2004
2014
2017
2026
2068
2089
2094
2108
2108
2126
2151
2160
2171
2172
2183
2184
2186
2200
2208
2210
2244
2282
2292
2304
2334
2339
2348
2350
2363
2367
2379
2382
2383
2389
2399
2410
2410
2412
2412
2432
2433
2437
2458
2467
2469
2476
2479
2482
2487
2499
2503
2505
2505
2532
2532
2539
2556
2558
2575
2579
2585
2600
2602
2623
2627
2630
2633
2653
2661
2666
2672
2675
2710
2757
2764
2776
2776
2778
2785
2819
2821
2822
2826
2828
2830
2870
2872
2877
2884
2897
2905
2910
2914
2917
2923
2936
2941
2943
2946
2946
2949
2950
2953
2975
2979
2991
3033
3061
3069
3071
3092
3102
3102
3107
3113
3128
3148
3149
3154
3156
3158
3170
3182
3190
3195
3200
3215
3216
3216
3241
3246
3255
3257
3276
3295
3301
3309
3310
3317
3320
3325
3327
3332
3346
3364
3370
3374
3388
3420
3427
3430
3438
3461
3462
3478
3478
3487
3490
3510
3520
3531
3532
3537
3549
3549
3555
3556
3563
3568
3570
3574
3579
3608
3624
3639
3640
3668
3672
3678
3685
3720
3735
3750
3752
3755
3786
3787
3799
3809
3814
3819
3824
3838
3842
3849
3853
3855
3880
3905
3907
3924
3927
3944
3948
3955
3961
3964
3987
4004
4009
4013
4018
4032
4045
4054
4070
4079
4081
4087
4120
4126
4130
4134
4166
4175
4176
4216
4223
4237
4270
4291
4311
4347
4354
4383
4384
4390
4394
4401
4403
4410
4427
4427
4436
4464
4468
4475
4483
4499
4502
4513
4523
4565
4570
4587
4595
4613
4633
4638
4656
4660
4707
4710
4717
4719
4721
4748
4750
4786
4794
4796
4796
4804
4814
4817
4818
4820
4836
4844
4846
4847
4848
4850
4860
4862
4870
4874
4890
4900
4902
4910
4919
4928
4944
4966
4977
4980
5016
5020
5024
5036
5048
5049
5087
5088
5092
5098
5105
5111
5113
5125
5125
5146
5152
5171
5171
5177
5180
5215
5218
5244
5263
5292
5312
5348
5348
5349
5350
5369
5371
5375
5376
5381
5403
5411
5431
5442
5447
5450
5454
5473
5481
5485
5488
5492
5502
5510
5514
5533
5535
5541
5558
5559
5563
5564
5576
5578
5587
5596
5601
5602
5616
5628
5633
5652
5658
5673
5675
5678
5687
5700
5737
5739
5766
5767
5782
5786
5805
5809
5813
5822
5832
5835
5845
5846
5853
5860
5861
5865
5875
5887
5890
5935
5946
5958
5962
5966
5967
5969
5970
5974
5976
5978
6008
6015
6023
6025
6036
6039
6043
6044
6068
6075
6075
6077
6092
6109
6127
6128
6133
6144
6158
6198
6205
6213
6218
6228
6271
6279
6284
6285
6286
6290
6310
6311
6342
6353
6355
6361
6367
6386
6398
6399
6410
6420
6422
6444
6477
6495
6504
6513
6527
6534
6541
6549
6559
6560
6565
6576
6590
6596
6600
6619
6624
6627
6630
6631
6649
6654
6660
6669
6675
6691
6703
6709
6711
6724
6737
6774
6780
6801
6813
6828
6829
6845
6851
6852
6857
6906
6909
6913
6920
6938
6938
6949
6951
6965
6965
6972
6973
6982
6992
6998
7006
7037
7038
7044
7057
7064
7067
7072
7081
7113
7120
7131
7151
7154
7166
7173
7180
7208
7222
7226
7245
7254
7259
7271
7284
7287
7295
7307
7314
7338
7349
7363
7375
7380
7384
7397
7424
7437
7459
7499
7507
7537
7538
7546
7559
7563
7580
7602
7613
7633
7635
7641
7642
7676
7685
7691
7712
7712
7721
7726
7728
7728
7730
7737
7752
7753
7770
7785
7788
7816
7840
7856
7857
7867
7880
7889
7900
7908
7910
7928
7940
7962
7969
7980
7982
7983
7985
7988
7997
7999
7999
8000
8002
8005
8009
8010
8012
8018
8026
8028
8070
8085
8086
8105
8111
8118
8162
8172
8183
8200
8204
8220
8225
8235
8235
8258
8272
8280
8289
8293
8299
8312
8347
8355
8377
8379
8385
8391
8400
8407
8413
8416
8434
8449
8462
8472
8525
8541
8550
8569
8575
8575
8579
8586
8590
8592
8596
8614
8633
8640
8643
8646
8652
8656
8665
8666
8678
8690
8718
8718
8719
8736
8740
8756
8779
8780
8794
8808
8809
8814
8816
8821
8842
8861
8877
8877
8887
8888
8895
8896
8899
8900
8903
8910
8916
8918
8928
8950
8969
8974
9028
9029
9037
9049
9052
9053
9062
9069
9073
9080
9088
9098
9118
9118
9121
9142
9153
9155
9158
9168
9174
9203
9217
9229
9245
9255
9267
9282
9291
9298
9304
9310
9313
9313
9324
9327
9334
9363
9373
9379
9391
9392
9393
9395
9402
9402
9408
9414
9417
9430
9435
9447
9461
9475
9481
9498
9528
9535
9567
9581
9600
9608
9608
9617
9631
9643
9653
9660
9678
9693
9704
9715
9727
9741
9751
9751
9751
9760
9775
9779
9787
9812
9818
9827
9830
9839
9844
9846
9857
9872
9879
9887
9917
9932
9945
9955
9961
9975
9984
9985
9993
10002
10013
10017
10023
10026
10033
10063
10064
10093
10100
10103
10118
10180
10186
10195
10239
10250
10257
10262
10264
10274
10282
10290
10294
10297
10329
10329
10333
10341
10350
10351
10378
10381
10431
10431
10431
10444
10454
10503
10528
10545
10560
10568
10572
10574
10575
10587
10592
10595
10619
10635
10635
10642
10676
10684
10684
10701
10715
10731
10739
10767
10771
10778
10791
10800
10822
10827
10828
10828
10836
10842
10864
10873
10874
10889
10899
10899
10920
10925
10935
10938
10939
10941
10960
10979
10982
11004
11026
11031
11034
11035
11046
11063
11071
11071
11079
11089
11098
11107
11107
11112
11124
11134
11135
11150
11159
11173
11219
11222
11222
11222
11230
11237
11252
11265
11265
11270
11270
11288
11301
11312
11325
11331
11336
11352
11367
11403
11420
11422
11429
11435
11473
11474
11475
11475
11499
11505
11522
11544
11553
11592
11631
11640
11656
11658
11671
11671
11678
11678
11691
11695
11696
11696
11718
11740
11742
11748
11750
11750
11756
11810
11816
11823
11824
11825
11847
11847
11849
11860
11864
11867
11879
11891
11896
11899
11902
11909
11917
11917
11940
11941
11959
11960
11973
11983
11990
12002
12018
12021
12028
12037
12076
12078
12079
12119
12121
12122
12131
12134
12137
12138
12168
12172
12175
12195
12195
12197
12197
12198
12205
12221
12234
12235
12307
12310
12315
12325
12345
12355
12359
12363
12373
12378
12390
12391
12398
12401
12404
12416
12429
12441
12445
12475
12482
12492
12497
12499
12500
12516
12517
12520
12591
12597
12613
12620
12624
12645
12652
12654
12665
12670
12678
12683
12689
12692
12701
12702
12713
12738
12744
12749
12750
12759
12770
12773
12774
12795
12798
12798
12806
12806
12809
12813
12814
12835
12839
12842
12899
12914
12936
12952
12959
12972
12972
12974
12983
12985
13007
13020
13029
13042
13055
13062
13064
13074
13105
13122
13132
13160
13163
13169
13175
13177
13200
13204
13207
13228
13235
13247
13248
13268
13280
13304
13307
13308
13315
13316
13326
13327
13346
13348
13357
13358
13359
13368
13372
13378
13403
13407
13412
13416
13423
13430
13438
13443
13449
13454
13465
13475
13478
13481
13506
13515
13529
13534
13536
13546
13564
13568
13570
13582
13629
13634
13643
13667
13667
13669
13674
13675
13685
13689
13690
13694
13697
13700
13705
13708
13717
13746
13754
13757
13758
13769
13783
13795
13804
13807
13813
13814
13816
13816
13817
13819
13822
13823
13825
13828
13831
13839
13844
13850
13867
13879
13881
13892
13896
13908
13912
13914
13961
13963
13964
13971
13977
13984
13985
13987
13990
14009
14026
14028
14030
14038
14039
14044
14065
14067
14078
14086
14087
14092
14100
14110
14115
14117
14121
14130
14137
14138
14145
14171
14184
14185
14190
14217
14217
14219
14220
14224
14226
14236
14240
14253
14254
14289
14290
14325
14338
14343
14346
14347
14354
14355
14358
14370
14371
14389
14401
14408
14410
14413
14427
14430
14435
14435
14442
14469
14470
14472
14476
14483
14496
14544
14554
14558
14568
14569
14584
14587
14589
14591
14597
14604
14605
14615
14618
14626
14652
14659
14660
14668
14674
14675
14685
14696
14698
14726
14727
14730
14738
14749
14756
14786
14791
14866
14872
14877
14899
14904
14909
14949
14952
14954
14960
14961
14977
14985
14986
14991
15018
15027
15028
15034
15044
15082
15084
15095
15099
15143
15177
15178
15192
15201
15201
15205
15213
15223
15232
15242
15246
15277
15278
15295
15316
15317
15323
15337
15372
15376
15386
15389
15416
15423
15435
15443
15446
15468
15474
15481
15486
15493
15523
15530
15532
15534
15568
15573
15599
15631
15632
15650
15661
15663
15663
15695
15706
15711
15722
15724
15728
15733
15740
15752
15752
15754
15760
15776
15792
15801
15807
15817
15819
15834
15848
15857
15861
15864
15880
15885
15891
15912
15921
15935
15946
15950
15952
15959
15972
16005
16028
16032
16034
16037
16050
16051
16054
16059
16063
16072
16076
16087
16103
16108
16116
16127
16130
16135
16153
16154
16159
16160
16161
16164
16177
16179
16212
16213
16221
16221
16239
16251
16251
16260
16267
16286
16293
16293
16300
16307
16317
16320
16325
16328
16331
16338
16359
16361
16369
16380
16396
16424
16429
16453
16457
16459
16480
16485
16499
16500
16510
16515
16536
16536
16557
16560
16566
16581
16595
16596
16599
16605
16606
16626
16670
16672
16673
16691
16704
16711
16719
16728
16760
16761
16766
16777
16789
16797
16810
16833
16835
16837
16862
16868
16869
16888
16904
16904
16913
16928
16929
16932
16935
16953
16956
16959
16959
16968
16971
16972
17000
17012
17027
17061
17066
17076
17078
17130
17141
17161
17169
17207
17211
17213
17219
17232
17237
17239
17241
17244
17273
17302
17318
17322
17322
17327
17328
17332
17337
17345
17355
17358
17360
17370
17389
17417
17425
17449
17453
17468
17481
17481
17482
17485
17499
17500
17522
17534
17538
17564
17569
17573
17581
17587
17612
17613
17650
17658
17665
17667
17677
17683
17684
17695
17739
17741
17756
17761
17767
17771
17773
17782
17784
17788
17790
17791
17797
17805
17812
17822
17828
17834
17840
17842
17846
17849
17851
17855
17858
17875
17886
17907
17908
17909
17924
17936
17955
17962
17981
17985
17990
17999
18008
18027
18048
18052
18078
18082
18084
18110
18114
18117
18125
18141
18142
18152
18163
18165
18172
18192
18194
18202
18203
18218
18219
18219
18262
18280
18288
18289
18290
18296
18314
18338
18341
18341
18359
18389
18390
18406
18408
18420
18422
18425
18425
18436
18440
18464
18473
18474
18477
18479
18485
18514
18529
18536
18549
18550
18573
18591
18602
18602
18604
18623
18627
18644
18653
18653
18659
18664
18666
18672
18703
18708
18713
18718
18720
18721
18725
18731
18753
18776
18776
18781
18784
18791
18795
18840
18845
18873
18884
18936
18962
18971
18988
18990
18994
18998
19001
19006
19017
19018
19018
19031
19047
19051
19053
19085
19118
19125
19133
19136
19149
19149
19155
19167
19179
19186
19190
19192
19224
19228
19233
19241
19265
19268
19268
19271
19311
19315
19332
19337
19341
19345
19349
19360
19362
19363
19388
19391
19418
19452
19466
19474
19492
19510
19514
19528
19533
19540
19551
19551
19560
19564
19565
19568
19569
19576
19577
19577
19580
19593
19617
19621
19622
19644
19653
19696
19718
19720
19722
19727
19732
19734
19742
19744
19756
19756
19777
19777
19778
19796
19800
19842
19845
19853
19859
19863
19881
19896
19897
19908
19909
19914
19917
19925
19933
19934
19941
19944
19955
19961
19990
20007
20012
20029
20041
20042
20057
20066
20070
20105
20112
20127
20140
20141
20144
20199
20202
20208
20212
20212
20225
20237
20258
20299
20301
20321
20338
20338
20358
20363
20370
20386
20388
20390
20409
20418
20419
20424
20430
20437
20446
20457
20476
20493
20527
20539
20548
20551
20554
20557
20560
20567
20582
20582
20582
20592
20598
20603
20609
20613
20620
20622
20635
20645
20648
20653
20654
20660
20664
20665
20674
20677
20680
20694
20696
20701
20734
20740
20741
20741
20746
20749
20751
20751
20781
20809
20818
20831
20844
20847
20857
20871
20873
20877
20886
20888
20890
20893
20904
20910
20917
20930
20939
20942
20952
20956
20957
20958
20959
20966
21007
21026
21026
21030
21049
21066
21067
21068
21073
21075
21087
21091
21093
21113
21113
21121
21141
21142
21149
21153
21155
21159
21179
21188
21198
21220
21223
21226
21230
21241
21242
21258
21262
21284
21287
21291
21306
21308
21310
21323
21346
21371
21378
21381
21386
21389
21399
21415
21416
21416
21423
21432
21435
21441
21448
21455
21469
21493
21497
21514
21530
21537
21541
21542
21545
21568
21580
21611
21613
21630
21632
21633
21649
21654
21662
21663
21683
21692
21701
21737
21747
21800
21805
21811
21832
21856
21864
21921
21945
21948
21964
21972
21975
21983
21984
21987
22002
22020
22025
22054
22070
22095
22103
22114
22118
22126
22135
22141
22154
22156
22161
22167
22177
22184
22186
22196
22198
22213
22218
22223
22224
22236
22236
22250
22260
22275
22281
22289
22295
22306
22322
22323
22328
22328
22357
22359
22362
22363
22371
22376
22384
22404
22411
22411
22415
22424
22427
22427
22448
22479
22520
22549
22556
22563
22572
22575
22611
22612
22612
22613
22619
22625
22635
22651
22660
22661
22671
22672
22683
22688
22688
22689
22689
22698
22735
22741
22742
22754
22755
22760
22760
22769
22774
22796
22799
22803
22820
22840
22843
22871
22898
22913
22919
22919
22953
22958
22961
22966
22973
22985
23007
23014
23021
23023
23026
23030
23034
23035
23037
23040
23066
23070
23070
23081
23082
23083
23089
23110
23135
23137
23146
23146
23146
23152
23154
23158
23177
23179
23196
23217
23219
23220
23236
23237
23263
23263
23279
23286
23293
23293
23297
23310
23330
23335
23360
23385
23399
23401
23412
23414
23421
23434
23471
23477
23481
23486
23497
23497
23523
23523
23530
23531
23533
23542
23554
23569
23585
23589
23600
23616
23625
23652
23665
23673
23697
23701
23701
23713
23717
23734
23736
23737
23746
23756
23758
23773
23782
23791
23798
23812
23819
23831
23837
23856
23856
23895
23903
23943
23960
23986
23989
24017
24022
24024
24041
24044
24058
24064
24079
24112
24124
24134
24140
24149
24171
24183
24276
24282
24287
24296
24297
24311
24345
24359
24364
24369
24377
24385
24411
24416
24430
24441
24487
24494
24510
24518
24528
24533
24536
24567
24572
24577
24608
24678
24693
24694
24707
24714
24733
24740
24747
24749
24753
24754
24786
24787
24813
24830
24850
24875
24883
24887
24889
24897
24902
24908
24916
24931
24934
24953
24960
24966
24971
24995
24995
24996
25002
25003
25009
25024
25067
25071
25098
25109
25127
25160
25161
25181
25200
25203
25223
25236
25246
25246
25249
25260
25275
25310
25318
25325
25350
25354
25359
25372
25394
25404
25410
25418
25423
25427
25429
25433
25440
25476
25511
25512
25522
25528
25534
25546
25557
25609
25617
25619
25624
25637
25650
25654
25658
25661
25664
25676
25677
25701
25704
25716
25723
25729
25743
25763
25764
25771
25779
25787
25797
25801
25803
25855
25860
25877
25880
25890
25903
25923
25926
25939
25945
25949
25958
25969
26000
26021
26021
26068
26076
26084
26097
26111
26120
26125
26131
26132
26147
26148
26149
26156
26172
26179
26185
26187
26188
26201
26206
26210
26214
26215
26244
26245
26247
26256
26263
26269
26285
26286
26290
26293
26306
26317
26323
26324
26335
26340
26343
26354
26360
26363
26401
26404
26412
26439
26443
26445
26458
26496
26502
26508
26512
26512
26517
26526
26530
26546
26548
26551
26556
26558
26566
26590
26638
26639
26647
26678
26691
26691
26701
26702
26715
26720
26727
26734
26761
26793
26815
26835
26853
26854
26860
26861
26865
26897
26903
26904
26912
26913
26913
26923
26964
26971
26990
26994
27007
27014
27017
27027
27027
27039
27047
27063
27078
27091
27111
27124
27126
27129
27137
27147
27151
27162
27172
27187
27201
27209
27253
27283
27287
27290
27295
27303
27305
27307
27310
27337
27341
27365
27368
27377
27382
27395
27402
27406
27408
27411
27417
27428
27435
27448
27462
27466
27476
27477
27490
27503
27504
27512
27527
27530
27551
27560
27561
27587
27631
27660
27679
27681
27686
27692
27694
27729
27752
27758
27766
27774
27783
27794
27795
27798
27798
27801
27802
27825
27836
27857
27862
27869
27880
27915
27918
27929
27936
27957
27970
27973
27979
27980
27984
27989
27992
28017
28029
28035
28042
28074
28076
28078
28110
28114
28115
28135
28141
28142
28146
28163
28173
28181
28197
28230
28238
28245
28248
28252
28256
28256
28259
28264
28280
28286
28288
28290
28306
28310
28317
28322
28344
28346
28351
28366
28366
28388
28401
28447
28499
28534
28536
28551
28564
28569
28571
28572
28600
28609
28618
28637
28641
28678
28701
28719
28736
28737
28753
28766
28779
28781
28814
28826
28829
28842
28873
28879
28887
28904
28921
28923
28932
28935
28938
28938
28944
28953
28958
28962
29018
29036
29049
29053
29058
29069
29074
29078
29088
29104
29126
29132
29138
29145
29164
29171
29176
29180
29182
29185
29199
29217
29222
29224
29235
29246
29258
29273
29286
29300
29316
29316
29334
29341
29346
29349
29354
29354
29356
29362
29373
29373
29402
29407
29410
29414
29422
29432
29440
29444
29451
29464
29467
29480
29489
29491
29510
29513
29520
29535
29561
29566
29579
29580
29605
29623
29624
29639
29693
29714
29714
29716
29728
29741
29761
29768
29768
29775
29793
29793
29797
29800
29810
29820
29823
29829
29832
29832
29834
29858
29932
29938
29976
29982
30019
30040
30041
30045
30054
30057
30075
30090
30113
30127
30129
30136
30156
30159
30164
30193
30212
30221
30228
30234
30239
30245
30255
30258
30263
30265
30265
30276
30287
30338
30342
30344
30350
30358
30363
30365
30373
30374
30374
30377
30379
30437
30456
30462
30465
30477
30479
30481
30487
30496
30498
30501
30501
30509
30516
30521
30530
30538
30549
30571
30597
30598
30606
30618
30623
30624
30625
30631
30635
30651
30653
30669
30675
30676
30681
30699
30704
30707
30707
30712
30721
30722
30733
30733
30743
30746
30751
30755
30770
30778
30786
30800
30803
30836
30851
30856
30870
30876
30893
30895
30897
30911
30921
30926
30937
30944
30949
30965
30967
30977
30987
30990
30997
31026
31028
31032
31038
31075
31083
31086
31090
31090
31095
31099
31104
31107
31107
31113
31123
31123
31136
31143
31156
31158
31171
31177
31181
31200
31200
31200
31236
31238
31251
31255
31261
31261
31263
31299
31303
31304
31305
31309
31327
31328
31335
31344
31376
31380
31389
31390
31422
31437
31447
31456
31456
31466
31467
31518
31519
31525
31534
31537
31541
31541
31542
31544
31551
31557
31558
31562
31568
31592
31608
31636
31653
31656
31663
31668
31671
31672
31682
31695
31699
31703
31713
31754
31771
31779
31796
31810
31827
31829
31836
31839
31843
31870
31875
31894
31896
31908
31913
31928
31936
31951
31967
31983
31988
31988
31995
32033
32039
32051
32060
32097
32126
32141
32141
32142
32163
32174
32178
32179
32188
32193
32197
32198
32200
32226
32239
32259
32264
32270
32289
32294
32317
32320
32341
32350
32354
32357
32361
32365
32375
32391
32402
32407
32408
32416
32419
32425
32426
32430
32435
32450
32455
32456
32458
32464
32464
32477
32488
32526
32528
32531
32537
32537
32537
32537
32542
32550
32579
32607
32614
32624
32624
32628
32630
32643
32659
32664
32668
32670
32672
32676
32682
32688
32710
32717
32725
32743
32759
32767
32782
32799
32801
32808
32819
32844
32844
32849
32862
32868
32877
32898
32902
32913
32932
32949
32952
32963
32966
32970
32970
32987
32993
32998
33033
33036
33065
33072
33074
33088
33136
33154
33154
33156
33156
33165
33168
33173
33173
33181
33191
33198
33198
33202
33224
33225
33232
33232
33252
33260
33261
33261
33264
33271
33278
33285
33297
33300
33303
33313
33319
33319
33321
33325
33364
33370
33393
33399
33418
33424
33426
33441
33450
33460
33477
33478
33497
33516
33517
33534
33541
33552
33558
33568
33570
33574
33577
33584
33598
33599
33608
33611
33622
33630
33643
33679
33694
33694
33696
33702
33711
33716
33721
33734
33762
33784
33800
33807
33812
33820
33825
33837
33854
33857
33860
33869
33887
33887
33905
33915
33940
33947
33955
33962
33988
33998
34043
34063
34101
34101
34107
34109
34119
34128
34130
34134
34147
34183
34221
34221
34225
34238
34239
34241
34262
34292
34299
34306
34306
34340
34360
34366
34379
34392
34400
34413
34422
34429
34435
34441
34456
34459
34476
34486
34497
34512
34514
34516
34537
34538
34547
34549
34553
34559
34573
34605
34637
34641
34648
34649
34651
34653
34659
34661
34666
34677
34688
34688
34703
34788
34798
34801
34811
34813
34829
34841
34846
34856
34860
34861
34864
34907
34911
34925
34931
34936
34939
34951
34956
34959
34962
34989
34993
35044
35049
35071
35076
35078
35081
35092
35094
35120
35122
35132
35137
35142
35144
35145
35146
35151
35162
35199
35216
35217
35219
35222
35222
35225
35236
35251
35259
35259
35260
35273
35275
35279
35280
35282
35300
35308
35337
35365
35373
35378
35383
35384
35385
35387
35420
35433
35437
35438
35443
35447
35450
35467
35469
35480
35490
35506
35510
35520
35526
35529
35530
35531
35537
35541
35544
35550
35562
35565
35569
35572
35573
35576
35579
35592
35604
35615
35622
35626
35637
35644
35647
35654
35655
35678
35688
35688
35725
35730
35748
35749
35755
35757
35766
35770
35782
35782
35789
35790
35796
35804
35826
35833
35858
35871
35872
35896
35896
35898
35917
35936
35942
35947
35949
35957
35970
35971
35973
35982
35996
36021
36027
36029
36046
36063
36066
36067
36082
36084
36084
36094
36104
36116
36134
36150
36154
36159
36163
36189
36190
36198
36202
36203
36204
36213
36215
36224
36242
36261
36264
36274
36281
36304
36305
36326
36341
36365
36367
36392
36398
36407
36433
36455
36456
36473
36474
36482
36487
36509
36512
36512
36516
36524
36524
36529
36536
36553
36556
36564
36575
36584
36601
36606
36610
36614
36627
36635
36643
36650
36685
36689
36694
36722
36729
36746
36751
36767
36769
36781
36783
36789
36794
36806
36807
36858
36861
36870
36878
36878
36888
36889
36892
36892
36903
36918
36921
36922
36925
36936
36960
36961
36967
36968
36970
36975
37008
37010
37015
37024
37024
37032
37035
37038
37053
37076
37076
37078
37089
37106
37117
37125
37130
37156
37163
37174
37182
37191
37191
37200
37202
37208
37221
37230
37231
37233
37244
37265
37267
37306
37310
37316
37331
37332
37339
37346
37381
37383
37385
37391
37394
37403
37410
37415
37441
37443
37443
37449
37451
37453
37470
37473
37478
37490
37516
37519
37536
37545
37548
37553
37558
37577
37608
37642
37653
37656
37678
37678
37682
37686
37711
37718
37729
37737
37746
37750
37758
37775
37776
37779
37794
37796
37801
37808
37810
37815
37832
37858
37870
37874
37875
37885
37926
37949
37960
37963
37969
37994
38005
38008
38021
38023
38025
38037
38045
38067
38070
38072
38108
38121
38122
38136
38140
38141
38141
38143
38152
38175
38186
38202
38215
38220
38220
38227
38228
38236
38251
38263
38270
38278
38285
38305
38308
38309
38333
38350
38360
38380
38421
38423
38431
38446
38453
38475
38505
38513
38530
38546
38546
38582
38587
38590
38593
38606
38608
38624
38634
38685
38688
38728
38737
38753
38769
38781
38790
38812
38835
38842
38846
38853
38870
38875
38876
38880
38891
38896
38903
38928
38930
38940
38956
38970
38973
38981
38997
38998
39003
39017
39017
39024
39025
39025
39026
39029
39039
39044
39046
39049
39076
39080
39080
39088
39099
39103
39108
39122
39127
39128
39131
39142
39144
39151
39165
39165
39175
39182
39183
39187
39202
39213
39219
39227
39264
39278
39284
39290
39300
39303
39303
39314
39325
39344
39355
39371
39376
39398
39402
39414
39423
39423
39439
39448
39470
39476
39546
39548
39550
39553
39557
39563
39564
39580
39586
39590
39609
39613
39620
39624
39671
39676
39683
39698
39706
39708
39710
39711
39720
39734
39743
39747
39763
39770
39778
39789
39790
39823
39826
39839
39848
39905
39933
39937
39945
39947
39951
39954
39956
39963
39979
39980
39983
39985
40013
40024
40027
40028
40065
40072
40075
40077
40079
40080
40080
40097
40098
40130
40145
40150
40162
40180
40190
40203
40204
40208
40213
40217
40219
40233
40251
40258
40271
40297
40298
40306
40374
40380
40382
40415
40420
40424
40435
40462
40473
40505
40511
40519
40523
40546
40564
40571
40575
40589
40593
40598
40599
40605
40608
40612
40625
40626
40626
40627
40638
40653
40653
40665
40668
40672
40681
40689
40709
40716
40724
40753
40770
40777
40781
40788
40789
40793
40795
40815
40822
40825
40831
40834
40836
40847
40875
40880
40883
40893
40898
40937
40938
40941
40943
40960
40972
41025
41051
41053
41105
41106
41109
41109
41113
41126
41129
41132
41135
41140
41142
41146
41159
41160
41160
41172
41188
41203
41212
41216
41233
41240
41255
41269
41277
41277
41290
41294
41304
41307
41310
41321
41346
41347
41347
41356
41359
41375
41377
41381
41384
41401
41401
41408
41428
41431
41435
41456
41456
41461
41464
41478
41480
41493
41493
41505
41513
41545
41548
41549
41557
41576
41587
41594
41609
41610
41611
41622
41626
41633
41636
41642
41645
41673
41677
41680
41690
41691
41700
41708
41723
41725
41730
41741
41744
41750
41755
41766
41771
41813
41831
41867
41872
41900
41919
41930
41936
41940
41954
41967
41984
42007
42012
42023
42040
42042
42050
42062
42067
42069
42087
42098
42099
42099
42101
42107
42112
42132
42137
42138
42149
42157
42162
42183
42193
42195
42203
42206
42206
42224
42225
42237
42255
42256
42283
42291
42292
42318
42326
42345
42349
42355
42385
42385
42399
42408
42422
42422
42423
42436
42446
42460
42465
42474
42482
42488
42496
42501
42505
42517
42518
42569
42603
42605
42607
42612
42617
42619
42627
42633
42642
42660
42665
42692
42697
42697
42699
42702
42709
42717
42731
42738
42744
42745
42745
42772
42796
42800
42806
42809
42841
42843
42845
42846
42851
42858
42868
42870
42874
42885
42900
42903
42907
42942
42947
42955
42967
42967
42978
42998
43014
43023
43023
43024
43030
43047
43060
43074
43084
43084
43092
43096
43097
43106
43143
43145
43169
43208
43221
43232
43244
43245
43248
43249
43250
43256
43264
43277
43281
43317
43333
43363
43375
43382
43396
43408
43409
43409
43410
43429
43430
43446
43449
43463
43464
43478
43492
43497
43515
43524
43536
43554
43560
43575
43584
43607
43620
43629
43636
43642
43650
43652
43657
43667
43687
43689
43693
43704
43734
43752
43754
43764
43766
43772
43802
43823
43824
43828
43844
43860
43866
43871
43877
43880
43881
43909
43917
43930
43935
43938
43940
43941
43957
43964
43967
43978
43983
43985
44008
44022
44044
44062
44067
44069
44082
44085
44088
44091
44107
44116
44119
44121
44146
44149
44156
44156
44161
44168
44184
44189
44190
44199
44228
44233
44242
44248
44249
44274
44282
44283
44298
44305
44305
44306
44341
44346
44366
44367
44378
44389
44389
44413
44421
44431
44451
44451
44463
44479
44479
44486
44494
44494
44495
44496
44504
44509
44512
44514
44534
44541
44546
44564
44565
44570
44584
44586
44591
44604
44632
44633
44643
44649
44650
44650
44653
44663
44671
44679
44705
44725
44743
44747
44760
44768
44771
44774
44777
44783
44787
44806
44817
44817
44832
44832
44834
44835
44840
44841
44861
44871
44884
44890
44900
44905
44916
44916
44934
44939
44959
44960
44966
44976
44982
44997
45022
45046
45075
45080
45088
45101
45125
45127
45131
45132
45142
45147
45163
45164
45165
45166
45183
45207
45209
45222
45223
45236
45239
45244
45247
45253
45267
45304
45305
45307
45314
45314
45318
45366
45379
45389
45420
45422
45433
45439
45449
45462
45492
45507
45511
45523
45538
45540
45555
45556
45558
45570
45611
45617
45628
45638
45644
45671
45672
45672
45688
45704
45719
45734
45740
45749
45759
45772
45774
45794
45797
45806
45811
45811
45815
45815
45833
45845
45847
45874
45881
45885
45905
45906
45911
45913
45944
46009
46023
46030
46046
46072
46090
46116
46122
46134
46137
46139
46139
46146
46169
46192
46194
46212
46214
46242
46263
46270
46278
46295
46296
46305
46331
46338
46348
46357
46364
46386
46393
46395
46399
46404
46433
46457
46459
46459
46471
46484
46484
46488
46495
46500
46545
46552
46576
46586
46588
46593
46604
46612
46620
46623
46624
46626
46630
46631
46635
46636
46637
46663
46667
46674
46708
46710
46754
46767
46768
46780
46788
46792
46801
46801
46804
46811
46814
46828
46836
46838
46858
46859
46871
46877
46882
46889
46892
46894
46899
46900
46926
46927
46939
46956
46966
46983
46995
47007
47017
47018
47018
47020
47039
47049
47053
47060
47062
47068
47074
47076
47078
47080
47085
47093
47124
47124
47159
47170
47173
47175
47180
47183
47187
47189
47193
47212
47218
47226
47238
47239
47263
47285
47290
47297
47297
47306
47320
47323
47328
47342
47371
47373
47374
47382
47383
47389
47397
47408
47410
47413
47434
47447
47495
47507
47528
47529
47532
47533
47541
47565
47575
47586
47592
47613
47620
47623
47645
47654
47681
47688
47696
47709
47733
47752
47760
47783
47808
47813
47829
47837
47854
47864
47870
47883
47887
47898
47899
47912
47916
47923
47923
47936
47942
47956
47957
47970
47971
47993
47995
48000
48012
48014
48024
48046
48050
48051
48094
48094
48112
48120
48135
48141
48148
48148
48153
48158
48166
48178
48195
48195
48196
48199
48200
48206
48252
48253
48256
48257
48262
48267
48268
48282
48286
48292
48329
48332
48341
48349
48372
48393
48438
48438
48441
48444
48453
48456
48468
48469
48481
48509
48529
48530
48533
48533
48553
48592
48609
48611
48613
48624
48628
48631
48632
48666
48669
48688
48694
48695
48698
48702
48715
48724
48727
48727
48738
48761
48766
48782
48788
48788
48806
48808
48811
48835
48837
48837
48838
48839
48844
48850
48885
48902
48903
48905
48910
48912
48944
48948
48953
48962
48969
48981
48995
48996
49027
49029
49036
49042
49058
49073
49088
49095
49099
49114
49124
49142
49167
49178
49184
49196
49219
49221
49240
49242
49251
49269
49270
49276
49290
49296
49312
49314
49328
49348
49352
49361
49362
49381
49390
49398
49400
49413
49416
49439
49440
49522
49532
49537
49549
49553
49554
49559
49559
49564
49580
49607
49612
49621
49632
49636
49638
49641
49645
49649
49679
49684
49700
49700
49714
49744
49754
49759
49760
49761
49770
49771
49780
49782
49792
49793
49807
49819
49820
49825
49836
49846
49847
49855
49857
49863
49879
49898
49905
49908
49924
49938
49943
49961
49972
49981
49990
49998
50004
50015
50018
50019
50039
50048
50074
50092
50094
50095
50100
50106
50116
50124
50139
50153
50165
50171
50178
50187
50205
50211
50226
50231
50233
50240
50245
50247
50249
50253
50269
50275
50309
50322
50328
50329
50329
50339
50370
50374
50384
50394
50394
50411
50415
50419
50426
50428
50445
50455
50462
50462
50465
50477
50483
50490
50526
50540
50548
50559
50560
50565
50566
50574
50582
50609
50613
50616
50620
50621
50622
50625
50649
50657
50665
50678
50678
50692
50704
50715
50733
50743
50759
50759
50764
50769
50775
50778
50824
50825
50826
50856
50930
50931
50937
50947
50954
50962
50962
50967
50985
50995
51017
51019
51035
51045
51048
51051
51063
51068
51069
51072
51072
51076
51111
51112
51126
51137
51148
51178
51199
51221
51225
51227
51238
51249
51263
51266
51266
51287
51301
51313
51331
51337
51376
51381
51399
51403
51408
51418
51418
51420
51440
51440
51470
51471
51490
51493
51514
51537
51538
51550
51563
51581
51594
51597
51641
51653
51669
51678
51681
51684
51685
51689
51690
51691
51701
51721
51723
51740
51741
51747
51758
51771
51778
51786
51790
51833
51866
51882
51886
51888
51892
51912
51921
51927
51937
51939
51940
51951
51988
51994
52010
52021
52032
52035
52047
52049
52053
52053
52060
52064
52066
52070
52075
52075
52077
52080
52101
52107
52115
52116
52141
52156
52158
52166
52175
52183
52190
52198
52209
52223
52225
52234
52250
52256
52259
52264
52266
52267
52304
52345
52350
52352
52358
52370
52382
52397
52405
52406
52421
52432
52438
52445
52448
52448
52452
52460
52460
52472
52478
52493
52512
52529
52542
52556
52563
52566
52573
52576
52593
52596
52610
52619
52628
52629
52647
52650
52651
52654
52676
52691
52719
52727
52740
52758
52765
52769
52774
52783
52791
52795
52798
52800
52841
52861
52865
52877
52880
52884
52906
52912
52936
52961
52970
52991
52999
53009
53017
53019
53026
53050
53074
53095
53102
53103
53119
53120
53139
53143
53145
53155
53162
53163
53173
53177
53179
53180
53184
53190
53198
53208
53222
53223
53226
53239
53248
53254
53255
53259
53271
53292
53307
53317
53342
53352
53358
53400
53416
53418
53437
53453
53493
53500
53523
53530
53554
53558
53591
53610
53610
53617
53622
53648
53655
53667
53673
53678
53723
53729
53733
53734
53740
53756
53783
53796
53828
53830
53831
53839
53843
53852
53888
53902
53911
53938
53945
53959
53963
53965
53980
53984
53986
54020
54050
54059
54061
54071
54079
54086
54107
54109
54134
54156
54161
54173
54175
54175
54189
54197
54204
54221
54228
54234
54236
54237
54253
54254
54263
54270
54279
54280
54303
54304
54308
54308
54323
54348
54404
54405
54412
54429
54433
54443
54464
54488
54491
54497
54505
54533
54533
54540
54570
54573
54574
54597
54653
54659
54667
54669
54674
54680
54685
54694
54697
54699
54722
54731
54734
54745
54749
54787
54793
54807
54809
54813
54822
54862
54873
54897
54907
54913
54921
54931
54945
54956
54961
54968
54986
54991
54997
55002
55007
55022
55029
55037
55044
55054
55066
55097
55109
55134
55146
55164
55168
55172
55178
55181
55192
55193
55194
55231
55237
55237
55241
55241
55242
55243
55287
55293
55302
55307
55310
55315
55328
55331
55332
55345
55354
55365
55375
55376
55381
55388
55395
55402
55413
55419
55424
55426
55427
55430
55436
55438
55482
55482
55491
55510
55520
55550
55558
55561
55572
55574
55575
55579
55620
55621
55628
55629
55638
55648
55649
55650
55654
55657
55661
55662
55663
55667
55668
55677
55699
55706
55709
55721
55727
55745
55753
55763
55766
55769
55820
55825
55831
55845
55851
55863
55871
55888
55897
55900
55913
55916
55931
55956
55959
55998
55998
56003
56008
56016
56018
56021
56024
56042
56045
56046
56063
56066
56068
56073
56079
56080
56083
56087
56089
56106
56128
56152
56173
56186
56190
56209
56223
56230
56242
56244
56255
56257
56288
56302
56304
56328
56333
56337
56341
56346
56348
56348
56351
56358
56360
56364
56374
56375
56376
56387
56394
56404
56411
56414
56436
56457
56462
56500
56501
56504
56511
56521
56532
56536
56545
56551
56556
56556
56559
56582
56583
56586
56592
56600
56604
56605
56612
56616
56618
56621
56621
56637
56639
56640
56649
56656
56662
56697
56698
56704
56705
56707
56714
56716
56720
56729
56750
56762
56769
56776
56803
56816
56821
56836
56836
56860
56874
56886
56902
56913
56916
56920
56928
56933
56944
56945
56954
56958
56969
56970
56982
56986
57006
57020
57034
57034
57034
57078
57083
57086
57086
57104
57105
57156
57160
57185
57189
57191
57209
57221
57226
57235
57258
57279
57297
57309
57312
57327
57343
57347
57357
57374
57404
57423
57425
57436
57443
57450
57455
57460
57465
57472
57474
57493
57525
57539
57548
57556
57558
57558
57581
57608
57623
57635
57636
57648
57701
57709
57744
57750
57770
57782
57794
57794
57813
57818
57821
57821
57824
57825
57831
57840
57865
57871
57880
57886
57894
57916
57918
57923
57926
57928
57928
57941
57948
57961
57970
57980
57995
58008
58020
58031
58044
58045
58049
58049
58065
58065
58067
58074
58088
58092
58093
58107
58108
58128
58130
58139
58146
58149
58158
58159
58169
58172
58200
58206
58210
58216
58231
58231
58252
58254
58263
58274
58299
58302
58307
58322
58323
58325
58328
58337
58350
58363
58365
58394
58421
58432
58439
58446
58468
58472
58492
58492
58509
58523
58524
58526
58535
58538
58562
58577
58581
58626
58632
58661
58670
58691
58691
58697
58712
58721
58722
58725
58725
58762
58763
58774
58782
58783
58814
58826
58837
58870
58885
58889
58890
58911
58921
58926
58939
58941
58950
58981
58992
58999
59011
59053
59065
59074
59077
59085
59091
59097
59097
59104
59104
59112
59118
59161
59175
59181
59190
59191
59223
59262
59282
59282
59287
59299
59345
59347
59387
59393
59398
59400
59418
59423
59443
59451
59451
59458
59470
59475
59492
59502
59505
59507
59511
59515
59528
59543
59572
59584
59593
59603
59608
59611
59612
59623
59625
59630
59631
59636
59638
59646
59659
59673
59683
59686
59699
59705
59705
59711
59724
59734
59745
59747
59749
59753
59755
59765
59766
59783
59793
59796
59797
59805
59808
59809
59812
59822
59825
59829
59848
59872
59876
59884
59888
59907
59919
59932
59940
59940
59949
59950
59966
59970
59971
60026
60040
60055
60084
60096
60101
60111
60122
60127
60131
60133
60153
60156
60163
60169
60173
60175
60187
60188
60188
60195
60197
60201
60203
60206
60213
60213
60225
60237
60263
60272
60283
60303
60316
60317
60318
60331
60332
60334
60348
60357
60365
60372
60373
60376
60386
60389
60391
60396
60417
60419
60425
60439
60440
60441
60451
60453
60458
60463
60468
60479
60491
60502
60505
60510
60515
60515
60520
60521
60535
60566
60566
60573
60614
60628
60642
60643
60645
60648
60654
60654
60656
60657
60660
60667
60681
60682
60703
60714
60715
60729
60740
60751
60756
60786
60789
60796
60811
60814
60837
60848
60853
60879
60915
60936
60936
60937
60956
60963
60975
60984
60999
61006
61019
61036
61050
61062
61069
61075
61124
61127
61127
61153
61163
61164
61177
61188
61212
61215
61217
61226
61242
61268
61270
61278
61286
61312
61316
61320
61336
61345
61349
61354
61382
61392
61423
61424
61449
61456
61466
61471
61476
61479
61489
61497
61543
61552
61559
61571
61572
61591
61598
61622
61636
61649
61650
61653
61654
61664
61680
61684
61688
61704
61705
61760
61777
61779
61780
61780
61783
61785
61793
61810
61818
61826
61830
61833
61848
61851
61860
61863
61897
61899
61936
61947
61949
61971
61994
61996
62029
62047
62070
62078
62086
62093
62097
62101
62129
62141
62145
62147
62149
62156
62165
62180
62181
62202
62208
62210
62220
62227
62230
62231
62235
62239
62247
62254
62274
62278
62282
62283
62291
62302
62323
62326
62327
62330
62331
62357
62363
62378
62383
62387
62390
62401
62409
62435
62436
62457
62461
62465
62468
62472
62474
62482
62485
62488
62524
62533
62543
62553
62588
62621
62623
62631
62644
62648
62660
62662
62680
62687
62704
62711
62729
62732
62751
62755
62758
62761
62772
62772
62777
62780
62782
62797
62803
62809
62812
62816
62872
62889
62892
62909
62913
62919
62925
62926
62931
62942
62947
62979
62986
62990
63003
63006
63006
63009
63018
63039
63067
63077
63081
63087
63106
63118
63122
63131
63134
63142
63144
63148
63149
63156
63169
63174
63179
63187
63188
63190
63197
63215
63227
63239
63252
63254
63259
63263
63265
63314
63352
63352
63364
63375
63380
63381
63384
63386
63398
63398
63400
63402
63410
63432
63455
63463
63493
63495
63499
63505
63516
63519
63540
63565
63570
63584
63589
63589
63598
63611
63637
63645
63669
63672
63675
63688
63696
63696
63717
63731
63743
63744
63747
63751
63758
63763
63768
63782
63803
63842
63847
63850
63850
63855
63870
63878
63887
63914
63922
63935
63960
63969
64001
64004
64012
64024
64026
64028
64047
64048
64096
64098
64099
64100
64103
64118
64128
64132
64137
64146
64150
64164
64171
64174
64175
64180
64186
64187
64203
64208
64209
64211
64229
64237
64257
64270
64285
64292
64295
64305
64311
64320
64324
64337
64350
64359
64364
64367
64377
64401
64403
64408
64424
64430
64439
64442
64448
64461
64480
64480
64481
64492
64498
64499
64507
64535
64536
64538
64566
64571
64606
64611
64614
64643
64649
64658
64661
64675
64675
64679
64702
64726
64727
64738
64738
64750
64750
64757
64776
64778
64780
64784
64792
64797
64822
64828
64834
64842
64859
64864
64868
64882
64891
64903
64921
64931
64943
64951
64951
64954
64962
64969
64970
64987
64991
64998
65004
65009
65018
65029
65035
65042
65051
65052
65060
65064
65071
65109
65113
65121
65139
65157
65166
65175
65179
65180
65181
65184
65194
65196
65197
65215
65236
65237
65253
65270
65277
65284
65292
65303
65305
65306
65318
65324
65332
65341
65362
65363
65363
65366
65373
65373
65375
65390
65394
65402
65403
65405
65410
65441
65443
65449
65454
65474
65478
65479
65486
65505
65526
65553
65554
65565
65577
65590
65612
65630
65633
65639
65640
65657
65659
65668
65678
65688
65700
65700
65703
65724
65738
65738
65756
65757
65765
65779
65810
65821
65850
65864
65866
65874
65893
65900
65901
65914
65918
65922
65934
65939
65965
65971
65992
66002
66015
66016
66035
66037
66039
66047
66048
66049
66053
66058
66059
66065
66085
66091
66112
66118
66122
66155
66163
66190
66215
66225
66236
66247
66247
66249
66261
66273
66285
66286
66288
66320
66327
66367
66368
66375
66375
66388
66392
66396
66398
66404
66408
66413
66423
66425
66425
66434
66435
66455
66455
66460
66473
66477
66482
66489
66504
66516
66527
66555
66555
66565
66569
66582
66587
66589
66602
66610
66612
66621
66626
66671
66680
66696
66702
66728
66747
66752
66763
66776
66789
66802
66809
66811
66816
66837
66847
66854
66880
66884
66905
66907
66923
66928
66930
66931
66943
66967
66979
66980
66982
66983
66987
66997
67000
67010
67028
67036
67048
67070
67070
67083
67090
67094
67097
67107
67110
67150
67154
67170
67178
67186
67187
67207
67211
67212
67226
67234
67246
67277
67296
67302
67310
67327
67331
67337
67347
67380
67385
67388
67389
67407
67415
67424
67445
67446
67469
67471
67474
67496
67529
67534
67573
67576
67585
67587
67595
67617
67623
67627
67632
67646
67656
67664
67667
67669
67695
67701
67706
67733
67741
67756
67761
67762
67770
67772
67787
67791
67795
67802
67824
67834
67836
67854
67859
67867
67874
67878
67889
67894
67907
67908
67969
67970
67981
68003
68009
68014
68016
68029
68032
68044
68044
68047
68054
68057
68059
68065
68086
68096
68114
68116
68141
68149
68153
68153
68155
68158
68159
68171
68172
68179
68186
68193
68205
68217
68224
68229
68230
68233
68239
68243
68245
68249
68257
68278
68282
68292
68296
68299
68312
68315
68323
68341
68342
68349
68368
68391
68395
68400
68415
68419
68426
68440
68443
68471
68473
68486
68489
68492
68497
68519
68521
68538
68540
68553
68570
68596
68597
68598
68604
68617
68617
68621
68623
68626
68633
68634
68638
68642
68649
68672
68687
68709
68711
68714
68715
68718
68724
68728
68762
68767
68777
68831
68839
68848
68854
68864
68876
68905
68911
68913
68917
68926
68930
68936
68936
68938
68948
68956
68965
68970
68980
68981
68986
69017
69035
69037
69042
69046
69060
69076
69077
69081
69087
69101
69102
69106
69111
69127
69131
69145
69158
69182
69184
69218
69233
69248
69259
69262
69264
69282
69283
69306
69320
69326
69326
69348
69349
69358
69383
69384
69389
69399
69403
69422
69445
69470
69482
69488
69489
69490
69495
69544
69586
69586
69609
69620
69633
69641
69653
69674
69674
69694
69696
69705
69714
69717
69718
69720
69720
69721
69724
69734
69734
69743
69749
69750
69756
69763
69763
69767
69785
69789
69803
69814
69825
69861
69867
69874
69898
69925
69926
69929
69932
69937
69948
69950
69957
69962
69989
69993
70000
70009
70029
70031
70042
70054
70073
70082
70110
70122
70127
70132
70133
70133
70142
70166
70172
70175
70183
70194
70213
70217
70238
70254
70265
70270
70295
70314
70314
70323
70327
70346
70349
70354
70355
70355
70357
70362
70369
70373
70380
70384
70395
70405
70421
70447
70481
70486
70495
70508
70516
70528
70536
70543
70556
70571
70578
70584
70584
70589
70603
70613
70619
70627
70632
70633
70634
70657
70666
70672
70701
70718
70724
70728
70738
70762
70766
70811
70817
70819
70827
70838
70841
70857
70872
70892
70896
70912
70928
70966
70980
70987
70988
71000
71005
71011
71028
71029
71040
71053
71061
71071
71083
71084
71094
71107
71111
71118
71123
71124
71125
71140
71147
71150
71152
71154
71173
71175
71180
71188
71193
71202
71227
71241
71245
71248
71250
71256
71263
71275
71278
71279
71279
71282
71289
71290
71292
71297
71302
71306
71317
71337
71341
71343
71368
71380
71382
71399
71402
71409
71409
71411
71416
71416
71424
71431
71432
71436
71436
71455
71472
71476
71486
71497
71498
71502
71506
71518
71535
71542
71549
71562
71567
71582
71583
71587
71594
71611
71613
71636
71636
71639
71648
71665
71674
71674
71676
71686
71688
71713
71724
71734
71740
71746
71752
71762
71783
71789
71794
71802
71823
71837
71843
71853
71864
71925
71949
71969
72000
72004
72008
72063
72067
72083
72095
72104
72104
72119
72125
72128
72129
72150
72182
72217
72217
72217
72229
72237
72238
72248
72250
72285
72291
72296
72313
72321
72337
72346
72348
72356
72367
72368
72369
72375
72417
72419
72453
72469
72475
72506
72507
72509
72517
72518
72525
72557
72561
72587
72603
72619
72634
72641
72651
72652
72663
72671
72675
72696
72702
72720
72723
72734
72734
72737
72738
72747
72755
72768
72783
72785
72808
72810
72816
72848
72859
72874
72878
72883
72891
72895
72919
72919
72919
72934
72939
72943
72946
72951
72958
72964
72966
72975
72986
72989
73002
73009
73027
73030
73036
73046
73052
73063
73065
73074
73085
73094
73096
73099
73112
73135
73143
73146
73153
73162
73163
73164
73174
73177
73181
73184
73189
73201
73252
73266
73272
73274
73284
73290
73296
73296
73313
73313
73324
73343
73357
73384
73388
73421
73426
73428
73438
73445
73457
73468
73478
73514
73521
73538
73551
73575
73575
73578
73589
73593
73620
73625
73659
73665
73682
73683
73683
73686
73700
73700
73700
73722
73729
73748
73756
73773
73774
73798
73804
73809
73822
73839
73840
73851
73856
73865
73873
73874
73880
73889
73899
73915
73919
73920
73921
73975
73994
74029
74030
74035
74048
74054
74058
74083
74112
74143
74148
74155
74157
74180
74191
74202
74202
74206
74213
74220
74263
74275
74294
74314
74324
74328
74338
74383
74384
74388
74403
74405
74422
74438
74443
74453
74456
74462
74466
74468
74473
74474
74486
74488
74492
74500
74507
74509
74515
74536
74551
74559
74560
74563
74568
74572
74583
74585
74590
74624
74636
74651
74662
74662
74665
74677
74682
74683
74684
74685
74690
74693
74758
74759
74768
74769
74780
74806
74823
74829
74842
74852
74852
74864
74875
74875
74909
74929
74945
74964
74969
74969
74987
75002
75020
75037
75048
75052
75091
75105
75111
75132
75143
75147
75158
75170
75178
75209
75212
75224
75235
75238
75259
75265
75281
75281
75289
75299
75324
75339
75342
75343
75367
75389
75410
75420
75471
75471
75479
75485
75489
75513
75533
75538
75553
75567
75574
75598
75605
75616
75616
75623
75625
75636
75644
75650
75656
75676
75681
75695
75707
75715
75720
75731
75740
75745
75753
75758
75763
75764
75775
75792
75823
75832
75843
75850
75874
75879
75888
75888
75896
75898
75902
75914
75917
75932
75941
75947
75954
75955
75955
75959
75964
75965
75975
75985
75991
75994
76019
76021
76026
76039
76052
76073
76079
76082
76082
76086
76097
76100
76100
76101
76101
76109
76116
76130
76137
76142
76143
76151
76156
76164
76187
76188
76190
76196
76207
76211
76235
76264
76279
76283
76287
76295
76313
76338
76343
76348
76354
76392
76394
76395
76398
76408
76449
76453
76461
76471
76475
76482
76488
76493
76494
76505
76506
76535
76547
76577
76598
76599
76601
76604
76611
76620
76630
76633
76641
76672
76680
76696
76696
76706
76709
76716
76731
76746
76746
76758
76760
76836
76838
76840
76844
76857
76875
76889
76900
76917
76948
76948
76952
76988
76992
76994
77063
77082
77082
77102
77105
77109
77118
77119
77130
77133
77142
77151
77162
77172
77174
77189
77197
77208
77216
77216
77255
77255
77268
77280
77291
77326
77343
77348
77355
77357
77361
77374
77374
77382
77425
77427
77430
77433
77437
77443
77446
77450
77457
77466
77495
77503
77503
77510
77540
77540
77557
77563
77597
77624
77632
77637
77637
77651
77662
77675
77675
77690
77702
77703
77708
77721
77729
77756
77763
77770
77781
77782
77795
77819
77820
77826
77836
77845
77850
77859
77871
77896
77926
77926
77942
77943
77955
77960
77973
77977
77979
77983
77994
78010
78037
78042
78063
78064
78067
78072
78082
78087
78103
78112
78127
78142
78159
78160
78162
78171
78195
78208
78211
78222
78228
78228
78234
78235
78236
78262
78268
78273
78274
78274
78283
78292
78300
78307
78327
78329
78355
78355
78357
78365
78367
78379
78385
78405
78409
78443
78443
78445
78447
78450
78452
78475
78476
78476
78479
78479
78515
78525
78536
78544
78548
78567
78568
78568
78573
78573
78586
78603
78610
78616
78618
78631
78673
78677
78687
78688
78696
78713
78714
78717
78720
78726
78728
78753
78760
78766
78767
78776
78776
78777
78778
78793
78795
78849
78891
78895
78901
78905
78914
78919
78922
78929
78936
78951
78961
78978
78982
78994
79001
79001
79009
79037
79044
79045
79064
79071
79085
79085
79094
79102
79108
79108
79114
79116
79117
79131
79143
79149
79157
79160
79162
79164
79177
79205
79206
79214
79216
79227
79231
79240
79246
79251
79253
79254
79272
79294
79299
79307
79318
79322
79333
79335
79352
79381
79389
79410
79410
79418
79447
79459
79481
79498
79500
79512
79514
79515
79524
79532
79541
79569
79592
79600
79604
79607
79618
79659
79665
79677
79691
79705
79707
79718
79724
79728
79733
79738
79741
79758
79759
79771
79776
79780
79797
79808
79833
79839
79842
79846
79867
79880
79882
79906
79912
79921
79937
79938
79938
79969
79972
79979
80006
80009
80032
80034
80036
80056
80061
80063
80063
80072
80084
80085
80110
80121
80141
80153
80157
80190
80191
80193
80194
80202
80204
80208
80211
80217
80222
80224
80232
80235
80236
80240
80245
80258
80260
80270
80273
80273
80292
80295
80299
80307
80321
80343
80402
80406
80408
80416
80422
80423
80443
80449
80452
80456
80486
80495
80500
80506
80519
80525
80526
80530
80557
80589
80595
80598
80613
80621
80625
80634
80657
80659
80668
80681
80684
80741
80749
80750
80774
80779
80830
80830
80832
80833
80833
80834
80835
80843
80888
80890
80892
80905
80916
80921
80931
80932
80951
80953
80996
80996
81002
81008
81010
81019
81036
81038
81067
81068
81072
81072
81080
81090
81099
81110
81112
81122
81144
81145
81149
81150
81159
81167
81188
81193
81213
81223
81231
81238
81239
81302
81304
81307
81330
81333
81382
81387
81398
81402
81408
81415
81436
81453
81470
81491
81491
81496
81496
81499
81500
81501
81501
81507
81508
81550
81578
81589
81653
81654
81668
81674
81682
81694
81702
81702
81706
81714
81715
81723
81725
81732
81737
81743
81759
81760
81761
81769
81807
81831
81832
81845
81861
81862
81875
81879
81888
81898
81906
81908
81919
81922
81943
81956
81969
81975
81989
81992
82000
82001
82002
82003
82008
82016
82017
82037
82040
82048
82057
82077
82078
82081
82090
82106
82113
82119
82142
82173
82177
82194
82224
82225
82250
82257
82272
82272
82279
82301
82311
82314
82325
82331
82401
82405
82426
82430
82439
82450
82455
82458
82466
82485
82500
82515
82521
82532
82537
82564
82591
82608
82644
82656
82674
82683
82700
82709
82714
82726
82743
82767
82780
82791
82797
82799
82802
82824
82842
82852
82870
82877
82911
82912
82912
82922
82930
82934
82954
82958
82983
83005
83012
83017
83018
83019
83024
83035
83037
83049
83055
83060
83076
83085
83098
83099
83102
83104
83135
83150
83151
83153
83154
83157
83165
83179
83179
83183
83205
83233
83235
83278
83291
83294
83307
83342
83347
83382
83383
83394
83398
83401
83413
83417
83438
83443
83465
83481
83489
83504
83511
83512
83515
83521
83541
83565
83566
83572
83583
83596
83609
83637
83654
83671
83671
83679
83679
83691
83705
83708
83717
83730
83754
83757
83773
83782
83786
83787
83793
83821
83837
83840
83842
83852
83861
83867
83875
83891
83911
83921
83954
83961
83982
83983
83983
83988
83999
84021
84022
84032
84035
84050
84063
84071
84074
84075
84080
84089
84099
84104
84108
84116
84132
84132
84133
84139
84149
84153
84165
84173
84201
84206
84207
84231
84233
84242
84245
84249
84254
84274
84281
84291
84293
84299
84302
84313
84314
84316
84325
84333
84343
84358
84371
84372
84381
84398
84398
84402
84404
84420
84426
84429
84437
84450
84451
84481
84497
84520
84523
84537
84540
84578
84579
84592
84600
84601
84617
84652
84658
84662
84665
84672
84692
84693
84697
84719
84720
84724
84735
84737
84746
84748
84771
84784
84792
84793
84800
84800
84801
84813
84819
84820
84824
84842
84847
84867
84867
84875
84888
84893
84894
84897
84903
84909
84918
84918
84923
84949
84954
84955
84955
84961
84977
84991
84991
85018
85018
85032
85040
85040
85053
85106
85133
85136
85148
85161
85188
85195
85198
85202
85211
85222
85233
85234
85242
85273
85273
85335
85338
85341
85375
85393
85398
85403
85405
85405
85440
85464
85493
85500
85504
85507
85526
85527
85530
85546
85547
85550
85570
85571
85586
85614
85620
85620
85677
85678
85683
85685
85709
85709
85710
85715
85717
85720
85721
85773
85777
85785
85803
85805
85825
85837
85844
85850
85856
85861
85864
85878
85881
85891
85898
85909
85910
85918
85944
85958
85969
85974
85977
85992
85997
86013
86022
86032
86034
86035
86056
86065
86072
86073
86087
86098
86100
86116
86119
86139
86148
86152
86157
86183
86187
86198
86225
86234
86252
86264
86330
86350
86352
86357
86364
86375
86399
86423
86434
86441
86470
86470
86480
86481
86487
86504
86510
86539
86571
86582
86586
86617
86638
86653
86666
86676
86698
86700
86702
86705
86705
86717
86719
86723
86726
86733
86735
86740
86754
86763
86768
86816
86823
86874
86881
86887
86896
86907
86919
86920
86933
86937
86964
86964
86966
86999
87017
87033
87035
87038
87043
87043
87059
87079
87082
87092
87104
87105
87109
87132
87147
87160
87166
87180
87191
87198
87200
87208
87227
87228
87238
87247
87272
87276
87278
87287
87291
87293
87304
87305
87305
87331
87338
87341
87343
87346
87349
87358
87358
87367
87394
87395
87433
87434
87443
87444
87491
87499
87512
87516
87522
87525
87529
87532
87564
87574
87584
87610
87628
87643
87644
87646
87685
87690
87721
87721
87731
87740
87756
87763
87764
87782
87787
87816
87819
87827
87829
87837
87851
87864
87868
87876
87899
87903
87912
87915
87916
87944
87948
87951
87957
87964
87978
87979
88005
88008
88020
88040
88054
88059
88063
88068
88069
88088
88109
88125
88146
88148
88151
88164
88185
88191
88193
88202
88202
88210
88248
88253
88269
88299
88302
88310
88314
88330
88333
88346
88350
88358
88367
88374
88380
88383
88393
88405
88416
88417
88421
88428
88429
88429
88436
88447
88459
88480
88480
88538
88550
88551
88557
88557
88570
88574
88586
88589
88608
88627
88632
88638
88649
88650
88658
88661
88672
88676
88690
88697
88698
88707
88712
88718
88730
88754
88767
88781
88784
88785
88802
88808
88841
88861
88873
88874
88902
88909
88929
88930
88931
88939
88941
88944
88946
88967
88998
89001
89006
89008
89014
89036
89066
89079
89082
89114
89122
89122
89129
89129
89150
89154
89177
89184
89184
89193
89194
89204
89207
89208
89212
89213
89213
89220
89231
89243
89248
89254
89259
89266
89288
89290
89293
89303
89350
89370
89384
89402
89405
89407
89413
89415
89439
89442
89465
89470
89485
89485
89491
89499
89502
89520
89565
89578
89578
89587
89587
89591
89605
89606
89631
89635
89640
89645
89647
89647
89649
89669
89670
89678
89690
89692
89711
89719
89724
89730
89732
89737
89747
89749
89755
89756
89768
89779
89788
89796
89809
89812
89822
89844
89860
89864
89877
89883
89900
89902
89908
89931
89933
89939
89952
89971
89972
89987
90002
90011
90022
90024
90038
90046
90051
90056
90058
90058
90071
90074
90078
90093
90097
90101
90108
90113
90121
90123
90134
90136
90159
90192
90205
90222
90248
90274
90286
90291
90299
90299
90308
90322
90329
90330
90336
90346
90349
90349
90352
90365
90370
90375
90398
90398
90402
90412
90421
90424
90426
90437
90448
90456
90460
90461
90473
90486
90488
90489
90489
90492
90496
90517
90529
90533
90536
90549
90549
90577
90585
90594
90594
90605
90612
90619
90633
90637
90646
90684
90694
90702
90705
90716
90722
90724
90725
90764
90769
90770
90783
90807
90820
90840
90844
90846
90848
90848
90849
90850
90855
90893
90941
90944
90957
90964
90966
90967
90978
90990
91003
91038
91045
91066
91089
91100
91102
91118
91130
91136
91177
91204
91212
91229
91231
91267
91270
91274
91276
91311
91333
91368
91370
91371
91440
91446
91454
91471
91509
91510
91513
91520
91520
91526
91531
91549
91559
91561
91566
91574
91585
91586
91593
91619
91631
91638
91643
91650
91687
91693
91702
91712
91724
91739
91768
91768
91779
91780
91792
91806
91811
91811
91814
91834
91840
91849
91856
91879
91879
91880
91883
91893
91904
91916
91919
91919
91922
91929
91934
91951
91955
91959
91965
91965
91972
91977
91982
91991
92008
92009
92054
92054
92062
92063
92079
92084
92111
92113
92118
92131
92136
92148
92154
92163
92165
92169
92170
92189
92197
92207
92208
92221
92226
92231
92234
92236
92241
92243
92252
92268
92284
92301
92302
92304
92305
92305
92318
92332
92387
92389
92405
92419
92442
92442
92450
92457
92468
92469
92477
92488
92494
92498
92508
92512
92519
92541
92555
92571
92588
92598
92615
92625
92625
92636
92645
92670
92676
92700
92706
92720
92731
92732
92758
92760
92762
92771
92772
92776
92784
92810
92833
92851
92865
92866
92874
92879
92884
92888
92897
92901
92904
92929
92947
92951
92953
92962
92964
92964
92969
92977
92983
92996
93013
93015
93029
93033
93044
93049
93052
93066
93076
93081
93081
93092
93106
93106
93110
93126
93134
93142
93174
93182
93197
93201
93203
93207
93232
93233
93238
93239
93246
93249
93254
93267
93288
93290
93299
93307
93310
93331
93362
93366
93381
93385
93386
93396
93404
93414
93415
93425
93429
93433
93458
93471
93489
93500
93502
93503
93508
93516
93521
93525
93535
93549
93579
93579
93581
93587
93608
93622
93628
93632
93641
93671
93713
93717
93726
93728
93750
93750
93759
93796
93800
93805
93822
93823
93826
93831
93833
93835
93860
93860
93860
93871
93877
93898
93905
93925
93934
93934
93942
93948
93968
93970
93982
94004
94013
94013
94038
94043
94070
94080
94098
94103
94104
94137
94152
94153
94155
94179
94184
94192
94194
94197
94200
94202
94213
94221
94227
94233
94234
94239
94246
94260
94285
94295
94296
94318
94339
94346
94346
94390
94391
94402
94406
94408
94430
94447
94459
94463
94467
94495
94514
94520
94527
94536
94543
94569
94585
94587
94595
94606
94620
94625
94670
94679
94687
94700
94706
94723
94735
94785
94789
94793
94794
94798
94805
94806
94816
94821
94831
94837
94847
94860
94861
94862
94894
94895
94895
94898
94910
94921
94929
94932
94932
94933
94950
94954
94971
94983
95005
95018
95033
95044
95066
95073
95090
95102
95114
95127
95146
95152
95166
95176
95177
95189
95190
95192
95201
95205
95209
95228
95232
95241
95256
95265
95272
95280
95288
95294
95307
95308
95317
95325
95332
95334
95335
95354
95357
95362
95370
95371
95374
95375
95377
95384
95393
95423
95425
95430
95444
95473
95474
95476
95487
95510
95518
95523
95523
95529
95538
95571
95594
95597
95600
95607
95625
95626
95630
95638
95645
95659
95697
95702
95705
95725
95728
95731
95738
95743
95756
95765
95767
95773
95775
95781
95797
95804
95822
95836
95836
95837
95844
95864
95899
95908
95939
95945
95954
95994
95996
96006
96016
96017
96024
96025
96030
96039
96073
96084
96086
96092
96100
96127
96154
96156
96164
96164
96168
96177
96196
96198
96218
96225
96228
96231
96233
96242
96248
96255
96256
96264
96289
96299
96323
96327
96341
96367
96383
96385
96394
96395
96401
96414
96425
96425
96454
96460
96461
96467
96471
96486
96490
96490
96496
96507
96515
96519
96520
96525
96527
96531
96535
96541
96543
96551
96551
96551
96552
96558
96562
96565
96573
96575
96589
96601
96645
96661
96667
96672
96674
96675
96680
96690
96710
96730
96741
96762
96785
96799
96843
96849
96853
96855
96859
96886
96893
96905
96916
96917
96931
96936
96936
96944
96966
97028
97036
97039
97040
97055
97060
97063
97091
97118
97119
97124
97132
97141
97158
97185
97194
97196
97214
97220
97222
97235
97239
97242
97253
97265
97271
97290
97294
97301
97314
97319
97319
97330
97332
97358
97360
97360
97362
97366
97373
97381
97395
97401
97401
97409
97422
97423
97428
97432
97439
97444
97459
97461
97496
97518
97518
97573
97585
97589
97605
97605
97605
97617
97626
97627
97631
97635
97638
97651
97651
97652
97666
97674
97682
97684
97686
97687
97687
97712
97717
97719
97722
97738
97760
97785
97789
97801
97805
97807
97809
97818
97854
97863
97878
97890
97895
97900
97907
97913
97919
97934
97935
97936
97946
97950
97963
98027
98031
98036
98040
98045
98046
98062
98063
98091
98114
98124
98125
98128
98148
98177
98180
98207
98213
98232
98234
98262
98272
98279
98280
98287
98296
98297
98300
98301
98306
98311
98318
98326
98332
98333
98345
98352
98373
98398
98402
98408
98426
98426
98428
98455
98473
98482
98488
98499
98499
98499
98507
98525
98541
98543
98566
98574
98615
98622
98632
98639
98646
98653
98688
98696
98696
98709
98712
98721
98722
98726
98727
98730
98737
98751
98759
98764
98765
98773
98776
98783
98801
98802
98804
98818
98818
98836
98850
98850
98853
98866
98873
98882
98901
98950
98953
98968
98981
98994
99024
99044
99045
99057
99058
99059
99062
99081
99085
99092
99098
99124
99131
99135
99144
99157
99171
99182
99185
99187
99196
99202
99209
99212
99212
99218
99223
99259
99266
99273
99284
99289
99300
99306
99321
99323
99325
99355
99355
99373
99388
99392
99403
99406
99411
99422
99441
99446
99458
99475
99507
99517
99520
99521
99524
99552
99554
99555
99559
99569
99569
99580
99589
99593
99606
99619
99620
99626
99627
99664
99673
99675
99703
99711
99719
99731
99744
99756
99761
99769
99782
99799
99814
99888
99889
99919
99922
99926
99969
99977
99977
99983
